CommitComplexity,LastCommitComplexity,CFC,CommitTokenCount,LastCommitTokenCount,NCC,CommitMethodNum,LastCommitMethodNum,NFC
0,0,0,0,0,0,0,0,0
0,0,0,0,0,0,0,0,0
0,0,0,0,0,0,0,0,0
106,95,11,3294,2991,303,30,26,4
0,0,0,0,0,0,0,0,0
129,129,0,2864,2863,1,30,30,0
793,733,60,23546,23257,289,310,278,32
1517,1517,0,44391,44397,6,660,660,0
0,0,0,0,0,0,0,0,0
334,336,2,15831,15966,135,132,135,3
0,0,0,0,0,0,0,0,0
138,82,56,7688,5144,2544,85,47,38
0,0,0,0,0,0,0,0,0
45,45,0,1651,1651,0,35,35,0
72,66,6,1882,1820,62,16,15,1
435,438,3,11982,11818,164,194,199,5
111,90,21,3720,2604,1116,66,49,17
92,88,4,3682,2734,948,37,33,4
57,51,6,1808,1427,381,32,30,2
0,0,0,0,0,0,0,0,0
0,0,0,0,0,0,0,0,0
75,72,3,1964,1882,82,16,16,0
12,12,0,238,238,0,10,10,0
167,146,21,6056,5124,932,71,54,17
267,265,2,6445,6416,29,131,131,0
0,0,0,0,0,0,0,0,0
74,0,74,2409,0,2409,23,0,23
725,685,40,21578,20064,1514,254,232,22
0,0,0,0,0,0,0,0,0
434,430,4,10975,10655,320,178,171,7
0,0,0,0,0,0,0,0,0
12,12,0,708,708,0,9,9,0
0,0,0,0,0,0,0,0,0
0,0,0,0,0,0,0,0,0
0,0,0,0,0,0,0,0,0
0,0,0,0,0,0,0,0,0
0,0,0,0,0,0,0,0,0
1873,2176,303,62115,73068,10953,793,952,159
118,112,6,3275,3184,91,27,27,0
805,807,2,31496,31637,141,371,373,2
0,0,0,0,0,0,0,0,0
0,0,0,0,0,0,0,0,0
0,0,0,0,0,0,0,0,0
0,0,0,0,0,0,0,0,0
0,0,0,0,0,0,0,0,0
0,0,0,0,0,0,0,0,0
0,0,0,0,0,0,0,0,0
27,23,4,839,810,29,11,11,0
369,365,4,9400,9329,71,137,135,2
127,115,12,4325,3665,660,50,41,9
0,0,0,0,0,0,0,0,0
0,0,0,0,0,0,0,0,0
0,0,0,0,0,0,0,0,0
0,0,0,0,0,0,0,0,0
105,95,10,2682,2290,392,24,20,4
0,0,0,0,0,0,0,0,0
0,0,0,0,0,0,0,0,0
0,0,0,0,0,0,0,0,0
0,0,0,0,0,0,0,0,0
0,0,0,0,0,0,0,0,0
0,0,0,0,0,0,0,0,0
0,0,0,0,0,0,0,0,0
97,84,13,3844,3301,543,54,47,7
0,0,0,0,0,0,0,0,0
0,0,0,0,0,0,0,0,0
0,0,0,0,0,0,0,0,0
0,0,0,0,0,0,0,0,0
0,0,0,0,0,0,0,0,0
530,522,8,13709,13273,436,204,199,5
254,250,4,7039,6901,138,138,137,1
304,315,11,10050,9970,80,129,126,3
0,0,0,0,0,0,0,0,0
0,0,0,0,0,0,0,0,0
0,0,0,0,0,0,0,0,0
0,0,0,0,0,0,0,0,0
325,325,0,8183,8032,151,158,157,1
0,0,0,0,0,0,0,0,0
0,0,0,0,0,0,0,0,0
0,0,0,0,0,0,0,0,0
0,0,0,0,0,0,0,0,0
0,0,0,0,0,0,0,0,0
0,0,0,0,0,0,0,0,0
0,0,0,0,0,0,0,0,0
0,0,0,0,0,0,0,0,0
0,0,0,0,0,0,0,0,0
0,0,0,0,0,0,0,0,0
0,0,0,0,0,0,0,0,0
0,0,0,0,0,0,0,0,0
0,0,0,0,0,0,0,0,0
12,6,6,521,212,309,4,3,1
0,0,0,0,0,0,0,0,0
111,105,6,3334,2778,556,32,27,5
175,175,0,4365,4365,0,36,36,0
31,31,0,1785,1758,27,24,24,0
630,516,114,16708,13276,3432,240,175,65
0,0,0,0,0,0,0,0,0
0,0,0,0,0,0,0,0,0
0,0,0,0,0,0,0,0,0
0,0,0,0,0,0,0,0,0
0,0,0,0,0,0,0,0,0
0,0,0,0,0,0,0,0,0
119,113,6,3412,3192,220,30,26,4
310,305,5,7649,7563,86,151,149,2
0,0,0,0,0,0,0,0,0
270,251,19,8516,7967,549,101,94,7
0,0,0,0,0,0,0,0,0
0,0,0,0,0,0,0,0,0
274,254,20,7652,7012,640,145,139,6
0,0,0,0,0,0,0,0,0
170,179,9,5595,5771,176,72,86,14
396,389,7,10836,10629,207,130,127,3
397,382,15,11731,11230,501,153,146,7
277,274,3,7758,7652,106,147,145,2
262,252,10,8111,7566,545,92,90,2
110,113,3,3188,3381,193,34,34,0
278,277,1,7889,7758,131,148,147,1
0,0,0,0,0,0,0,0,0
102,102,0,3103,3117,14,26,26,0
117,117,0,3272,3251,21,30,30,0
0,0,0,0,0,0,0,0,0
0,0,0,0,0,0,0,0,0
131,81,50,5516,2489,3027,65,35,30
175,162,13,7549,7820,271,89,82,7
79,77,2,3886,3810,76,38,36,2
147,143,4,5570,5342,228,63,63,0
283,253,30,7117,6099,1018,134,122,12
245,245,0,5740,5741,1,119,119,0
19,19,0,675,669,6,9,9,0
110,86,24,4271,2607,1664,54,37,17
0,0,0,0,0,0,0,0,0
0,0,0,0,0,0,0,0,0
8,0,8,421,0,421,8,0,8
26,26,0,902,885,17,14,14,0
0,0,0,0,0,0,0,0,0
0,0,0,0,0,0,0,0,0
94,0,94,4550,0,4550,68,0,68
0,0,0,0,0,0,0,0,0
759,738,21,21917,20871,1046,307,293,14
206,207,1,6725,6585,140,86,87,1
385,381,4,9971,9876,95,134,129,5
168,164,4,3519,3417,102,51,49,2
0,0,0,0,0,0,0,0,0
0,0,0,0,0,0,0,0,0
0,0,0,0,0,0,0,0,0
0,0,0,0,0,0,0,0,0
279,279,0,12943,12764,179,169,169,0
0,0,0,0,0,0,0,0,0
2782,2782,0,98473,98473,0,1297,1297,0
0,0,0,0,0,0,0,0,0
0,0,0,0,0,0,0,0,0
0,0,0,0,0,0,0,0,0
247,247,0,5850,5850,0,122,122,0
0,0,0,0,0,0,0,0,0
0,0,0,0,0,0,0,0,0
24,24,0,1150,1149,1,9,9,0
53,52,1,2456,2418,38,30,29,1
38,38,0,2919,2604,315,32,32,0
137,135,2,4448,4320,128,42,41,1
0,0,0,0,0,0,0,0,0
79,50,29,2425,1149,1276,45,29,16
182,179,3,6393,6202,191,112,111,1
437,432,5,12982,12909,73,204,200,4
0,0,0,0,0,0,0,0,0
0,0,0,0,0,0,0,0,0
0,0,0,0,0,0,0,0,0
433,441,8,13311,13575,264,203,208,5
0,0,0,0,0,0,0,0,0
144,137,7,4572,4404,168,86,84,2
443,436,7,13148,12978,170,206,201,5
0,0,0,0,0,0,0,0,0
35,35,0,2171,2129,42,21,21,0
105,81,24,3922,2996,926,72,57,15
0,0,0,0,0,0,0,0,0
0,0,0,0,0,0,0,0,0
0,0,0,0,0,0,0,0,0
0,0,0,0,0,0,0,0,0
0,0,0,0,0,0,0,0,0
172,168,4,3646,3519,127,53,51,2
216,211,5,6819,6604,215,94,90,4
22,19,3,969,877,92,8,7,1
0,0,0,0,0,0,0,0,0
0,0,0,0,0,0,0,0,0
0,0,0,0,0,0,0,0,0
0,0,0,0,0,0,0,0,0
0,0,0,0,0,0,0,0,0
0,0,0,0,0,0,0,0,0
0,0,0,0,0,0,0,0,0
419,414,5,11800,11692,108,190,186,4
0,0,0,0,0,0,0,0,0
149,101,48,7002,4465,2537,88,54,34
0,0,0,0,0,0,0,0,0
0,0,0,0,0,0,0,0,0
0,0,0,0,0,0,0,0,0
0,0,0,0,0,0,0,0,0
0,0,0,0,0,0,0,0,0
0,0,0,0,0,0,0,0,0
0,0,0,0,0,0,0,0,0
48,47,1,1667,1649,18,29,28,1
0,0,0,0,0,0,0,0,0
0,0,0,0,0,0,0,0,0
49,48,1,1329,1288,41,29,29,0
104,101,3,3631,3609,22,79,78,1
3,0,3,174,0,174,3,0,3
79,79,0,2254,2246,8,36,36,0
68,64,4,3494,3175,319,49,45,4
0,0,0,0,0,0,0,0,0
0,0,0,0,0,0,0,0,0
0,0,0,0,0,0,0,0,0
0,0,0,0,0,0,0,0,0
187,185,2,4586,4553,33,65,64,1
0,0,0,0,0,0,0,0,0
0,0,0,0,0,0,0,0,0
93,91,2,2921,2883,38,37,36,1
249,217,32,7992,6837,1155,103,95,8
133,124,9,5949,5732,217,75,74,1
195,195,0,6227,6208,19,72,72,0
102,102,0,3081,2929,152,15,15,0
247,246,1,7365,7301,64,41,41,0
296,289,7,9611,8845,766,161,158,3
533,543,10,12743,12941,198,161,158,3
175,173,2,3824,3730,94,55,54,1
654,684,30,18499,18860,361,293,280,13
0,0,0,0,0,0,0,0,0
0,0,0,0,0,0,0,0,0
21,18,3,539,404,135,11,9,2
0,0,0,0,0,0,0,0,0
0,0,0,0,0,0,0,0,0
0,0,0,0,0,0,0,0,0
0,0,0,0,0,0,0,0,0
0,0,0,0,0,0,0,0,0
57,57,0,2201,2191,10,33,33,0
298,297,1,9661,9643,18,162,162,0
29,23,6,2097,1662,435,16,15,1
0,0,0,0,0,0,0,0,0
0,0,0,0,0,0,0,0,0
0,0,0,0,0,0,0,0,0
0,0,0,0,0,0,0,0,0
0,0,0,0,0,0,0,0,0
0,0,0,0,0,0,0,0,0
0,0,0,0,0,0,0,0,0
31,32,1,931,942,11,13,13,0
0,0,0,0,0,0,0,0,0
1234,1203,31,35331,34978,353,491,464,27
0,0,0,0,0,0,0,0,0
0,0,0,0,0,0,0,0,0
0,0,0,0,0,0,0,0,0
1,0,1,233,0,233,1,0,1
0,0,0,0,0,0,0,0,0
0,0,0,0,0,0,0,0,0
0,0,0,0,0,0,0,0,0
0,0,0,0,0,0,0,0,0
0,0,0,0,0,0,0,0,0
0,0,0,0,0,0,0,0,0
0,0,0,0,0,0,0,0,0
0,0,0,0,0,0,0,0,0
0,0,0,0,0,0,0,0,0
0,0,0,0,0,0,0,0,0
0,0,0,0,0,0,0,0,0
0,0,0,0,0,0,0,0,0
0,0,0,0,0,0,0,0,0
986,796,190,38787,32118,6669,445,354,91
0,0,0,0,0,0,0,0,0
166,116,50,5866,4040,1826,88,69,19
0,0,0,0,0,0,0,0,0
28,28,0,1436,1436,0,12,12,0
0,0,0,0,0,0,0,0,0
0,0,0,0,0,0,0,0,0
0,0,0,0,0,0,0,0,0
0,0,0,0,0,0,0,0,0
0,0,0,0,0,0,0,0,0
0,0,0,0,0,0,0,0,0
0,0,0,0,0,0,0,0,0
0,0,0,0,0,0,0,0,0
0,0,0,0,0,0,0,0,0
2281,3225,944,76779,116845,40066,1012,1563,551
0,0,0,0,0,0,0,0,0
0,0,0,0,0,0,0,0,0
104,0,104,5198,0,5198,64,0,64
0,0,0,0,0,0,0,0,0
0,0,0,0,0,0,0,0,0
0,0,0,0,0,0,0,0,0
0,0,0,0,0,0,0,0,0
0,0,0,0,0,0,0,0,0
0,0,0,0,0,0,0,0,0
0,0,0,0,0,0,0,0,0
0,0,0,0,0,0,0,0,0
0,0,0,0,0,0,0,0,0
0,0,0,0,0,0,0,0,0
0,0,0,0,0,0,0,0,0
0,0,0,0,0,0,0,0,0
0,0,0,0,0,0,0,0,0
0,0,0,0,0,0,0,0,0
0,0,0,0,0,0,0,0,0
0,0,0,0,0,0,0,0,0
0,0,0,0,0,0,0,0,0
0,0,0,0,0,0,0,0,0
0,0,0,0,0,0,0,0,0
0,0,0,0,0,0,0,0,0
116,115,1,3686,3602,84,46,45,1
18,18,0,1047,985,62,10,10,0
48,48,0,1818,1839,21,29,29,0
0,0,0,0,0,0,0,0,0
0,0,0,0,0,0,0,0,0
0,0,0,0,0,0,0,0,0
0,0,0,0,0,0,0,0,0
0,0,0,0,0,0,0,0,0
0,0,0,0,0,0,0,0,0
0,0,0,0,0,0,0,0,0
0,0,0,0,0,0,0,0,0
163,268,105,5441,10764,5323,74,139,65
448,338,110,14747,9231,5516,196,129,67
179,177,2,6665,6583,82,72,71,1
404,343,61,15295,14254,1041,186,164,22
0,0,0,0,0,0,0,0,0
858,1031,173,30068,36707,6639,364,454,90
0,0,0,0,0,0,0,0,0
1031,858,173,36707,30068,6639,454,364,90
0,0,0,0,0,0,0,0,0
0,0,0,0,0,0,0,0,0
0,0,0,0,0,0,0,0,0
0,0,0,0,0,0,0,0,0
0,0,0,0,0,0,0,0,0
858,1031,173,30068,36707,6639,364,454,90
1031,858,173,36707,30068,6639,454,364,90
0,0,0,0,0,0,0,0,0
0,0,0,0,0,0,0,0,0
0,0,0,0,0,0,0,0,0
858,1031,173,30068,36707,6639,364,454,90
0,0,0,0,0,0,0,0,0
0,0,0,0,0,0,0,0,0
0,0,0,0,0,0,0,0,0
0,0,0,0,0,0,0,0,0
0,0,0,0,0,0,0,0,0
0,0,0,0,0,0,0,0,0
116,115,1,3686,3602,84,46,45,1
915,743,172,33021,26466,6555,408,319,89
695,867,172,24627,31203,6576,290,379,89
867,695,172,31203,24627,6576,379,290,89
518,688,170,18044,24538,6494,219,307,88
688,518,170,24538,18044,6494,307,219,88
518,688,170,18044,24538,6494,219,307,88
688,518,170,24538,18044,6494,307,219,88
518,688,170,18044,24538,6494,219,307,88
688,518,170,24538,18044,6494,307,219,88
518,688,170,18044,24538,6494,219,307,88
0,0,0,0,0,0,0,0,0
0,0,0,0,0,0,0,0,0
0,0,0,0,0,0,0,0,0
0,0,0,0,0,0,0,0,0
0,0,0,0,0,0,0,0,0
0,0,0,0,0,0,0,0,0
0,0,0,0,0,0,0,0,0
0,0,0,0,0,0,0,0,0
0,0,0,0,0,0,0,0,0
0,0,0,0,0,0,0,0,0
0,0,0,0,0,0,0,0,0
0,0,0,0,0,0,0,0,0
0,0,0,0,0,0,0,0,0
0,0,0,0,0,0,0,0,0
0,0,0,0,0,0,0,0,0
688,518,170,24538,18044,6494,307,219,88
518,688,170,18044,24538,6494,219,307,88
0,0,0,0,0,0,0,0,0
688,518,170,24538,18044,6494,307,219,88
518,688,170,18044,24538,6494,219,307,88
0,0,0,0,0,0,0,0,0
688,518,170,24538,18044,6494,307,219,88
518,688,170,18044,24538,6494,219,307,88
3246,0,3246,118102,0,118102,1575,0,1575
0,3246,3246,0,118102,118102,0,1575,1575
0,0,0,0,0,0,0,0,0
0,0,0,0,0,0,0,0,0
688,518,170,24538,18044,6494,307,219,88
0,0,0,0,0,0,0,0,0
518,688,170,18044,24538,6494,219,307,88
688,518,170,24538,18044,6494,307,219,88
0,0,0,0,0,0,0,0,0
0,0,0,0,0,0,0,0,0
0,0,0,0,0,0,0,0,0
0,0,0,0,0,0,0,0,0
624,437,187,21704,14058,7646,285,184,101
30,16,14,1902,1120,782,20,8,12
0,0,0,0,0,0,0,0,0
5,5,0,241,241,0,3,3,0
131,127,4,4150,3859,291,39,38,1
0,0,0,0,0,0,0,0,0
32,14,18,1909,760,1149,14,7,7
40,40,0,1553,1553,0,16,16,0
52,32,20,2132,1345,787,33,23,10
139,130,9,5488,5096,392,69,63,6
0,0,0,0,0,0,0,0,0
59,0,59,3086,0,3086,43,0,43
114,114,0,4147,4087,60,23,23,0
181,180,1,11135,10996,139,123,121,2
13,12,1,1133,1122,11,11,10,1
54,31,23,3933,2005,1928,33,23,10
31,54,23,2005,3933,1928,23,33,10
393,286,107,17862,13173,4689,260,168,92
107,107,0,2654,2636,18,25,25,0
59,31,28,4187,2005,2182,36,23,13
91,79,12,4554,4194,360,66,62,4
338,329,9,10703,10376,327,193,189,4
283,281,2,6587,6549,38,142,142,0
0,0,0,0,0,0,0,0,0
97,96,1,2440,2424,16,39,38,1
0,0,0,0,0,0,0,0,0
217,33,184,13504,1432,12072,82,9,73
8,8,0,1585,1574,11,5,5,0
1098,1089,9,37059,36977,82,486,482,4
8,8,0,609,588,21,5,5,0
243,201,42,7291,5951,1340,141,107,34
41,32,9,2604,2132,472,25,20,5
151,79,72,7268,4127,3141,52,30,22
485,425,60,14442,12855,1587,238,226,12
107,107,0,2677,2654,23,25,25,0
30,30,0,1024,1026,2,12,12,0
0,0,0,0,0,0,0,0,0
402,400,2,12445,12351,94,206,205,1
104,98,6,5700,5511,189,76,74,2
0,0,0,0,0,0,0,0,0
0,0,0,0,0,0,0,0,0
263,168,95,11388,7462,3926,111,56,55
0,0,0,0,0,0,0,0,0
19,16,3,1728,1372,356,10,9,1
171,159,12,7076,6814,262,65,65,0
0,0,0,0,0,0,0,0,0
0,0,0,0,0,0,0,0,0
0,0,0,0,0,0,0,0,0
0,0,0,0,0,0,0,0,0
142,133,9,4977,4746,231,74,64,10
183,178,5,6739,6652,87,73,71,2
412,404,8,11995,11637,358,155,152,3
0,0,0,0,0,0,0,0,0
0,0,0,0,0,0,0,0,0
128,128,0,6828,6799,29,53,53,0
29,29,0,1355,1346,9,6,6,0
0,0,0,0,0,0,0,0,0
0,0,0,0,0,0,0,0,0
35,35,0,2294,2294,0,25,25,0
114,104,10,5213,4717,496,59,53,6
0,0,0,0,0,0,0,0,0
0,0,0,0,0,0,0,0,0
2,2,0,227,227,0,1,1,0
0,0,0,0,0,0,0,0,0
0,0,0,0,0,0,0,0,0
587,587,0,17389,17437,48,212,211,1
0,0,0,0,0,0,0,0,0
0,0,0,0,0,0,0,0,0
0,0,0,0,0,0,0,0,0
0,0,0,0,0,0,0,0,0
63,63,0,1327,1327,0,10,10,0
0,0,0,0,0,0,0,0,0
58,53,5,2381,2193,188,29,27,2
86,86,0,2146,2106,40,33,33,0
0,0,0,0,0,0,0,0,0
0,0,0,0,0,0,0,0,0
0,0,0,0,0,0,0,0,0
107,83,24,6925,5845,1080,46,36,10
0,0,0,0,0,0,0,0,0
592,592,0,17488,17536,48,214,213,1
81,105,24,5716,6796,1080,36,46,10
105,81,24,6796,5716,1080,46,36,10
81,105,24,5716,6796,1080,36,46,10
105,81,24,6796,5716,1080,46,36,10
0,0,0,0,0,0,0,0,0
81,105,24,5716,6796,1080,36,46,10
105,81,24,6796,5716,1080,46,36,10
81,105,24,5716,6796,1080,36,46,10
105,81,24,6796,5716,1080,46,36,10
81,105,24,5716,6796,1080,36,46,10
168,144,24,8123,7043,1080,56,46,10
81,105,24,5716,6796,1080,36,46,10
105,81,24,6796,5716,1080,46,36,10
81,105,24,5716,6796,1080,36,46,10
163,134,29,9177,7909,1268,75,63,12
81,105,24,5716,6796,1080,36,46,10
191,167,24,8942,7822,1120,79,69,10
81,105,24,5716,6796,1080,36,46,10
0,0,0,0,0,0,0,0,0
105,81,24,6796,5716,1080,46,36,10
0,0,0,0,0,0,0,0,0
0,0,0,0,0,0,0,0,0
81,105,24,5716,6796,1080,36,46,10
452,424,28,14891,13725,1166,200,189,11
81,105,24,5716,6796,1080,36,46,10
105,81,24,6796,5716,1080,46,36,10
195,188,7,4555,4094,461,64,62,2
128,13,115,4457,474,3983,67,7,60
269,300,31,9810,11351,1541,98,110,12
399,328,71,16286,11996,4290,178,138,40
269,300,31,9810,11351,1541,98,110,12
331,292,39,13288,11394,1894,126,112,14
0,0,0,0,0,0,0,0,0
271,264,7,8626,8427,199,160,152,8
104,136,32,7300,8733,1433,50,62,12
136,104,32,8733,7300,1433,62,50,12
0,0,0,0,0,0,0,0,0
418,411,7,12923,12739,184,209,208,1
0,0,0,0,0,0,0,0,0
515,554,39,20039,21656,1617,258,271,13
554,515,39,21656,20039,1617,271,258,13
0,0,0,0,0,0,0,0,0
515,554,39,20039,21656,1617,258,271,13
0,0,0,0,0,0,0,0,0
0,0,0,0,0,0,0,0,0
0,0,0,0,0,0,0,0,0
554,515,39,21656,20039,1617,271,258,13
0,0,0,0,0,0,0,0,0
0,0,0,0,0,0,0,0,0
0,0,0,0,0,0,0,0,0
629,626,3,17542,17278,264,229,229,0
64,63,1,2048,1960,88,33,32,1
135,135,0,7234,7208,26,90,90,0
425,418,7,13147,12923,224,210,209,1
107,107,0,2475,2455,20,11,11,0
253,200,53,10609,9086,1523,111,94,17
86,86,0,1923,1914,9,25,25,0
49,49,0,1762,1762,0,29,29,0
76,59,17,3552,2289,1263,38,33,5
40,31,9,2885,2208,677,29,23,6
426,425,1,13242,13155,87,211,210,1
154,151,3,4582,4451,131,31,30,1
19,16,3,918,753,165,11,9,2
120,75,45,4644,3158,1486,60,41,19
64,58,6,2843,2660,183,32,30,2
36,34,2,1160,1051,109,18,18,0
85,84,1,3606,3399,207,46,45,1
200,196,4,4738,4590,148,67,66,1
104,100,4,4863,4640,223,48,45,3
35,34,1,1554,1545,9,9,9,0
4868,4791,77,189963,187470,2493,2392,2365,27
0,0,0,0,0,0,0,0,0
219,200,19,5221,4738,483,69,67,2
0,0,0,0,0,0,0,0,0
0,0,0,0,0,0,0,0,0
0,0,0,0,0,0,0,0,0
0,0,0,0,0,0,0,0,0
338,298,40,12665,10708,1957,198,166,32
32,31,1,1969,1729,240,21,20,1
3,3,0,713,713,0,1,1,0
45,35,10,2020,1554,466,19,9,10
97,78,19,5000,4692,308,74,59,15
328,324,4,9942,9758,184,131,128,3
10,7,3,823,667,156,5,2,3
0,0,0,0,0,0,0,0,0
0,0,0,0,0,0,0,0,0
0,0,0,0,0,0,0,0,0
0,0,0,0,0,0,0,0,0
0,0,0,0,0,0,0,0,0
0,0,0,0,0,0,0,0,0
0,0,0,0,0,0,0,0,0
0,0,0,0,0,0,0,0,0
0,0,0,0,0,0,0,0,0
0,0,0,0,0,0,0,0,0
0,0,0,0,0,0,0,0,0
0,0,0,0,0,0,0,0,0
0,0,0,0,0,0,0,0,0
0,0,0,0,0,0,0,0,0
0,0,0,0,0,0,0,0,0
0,0,0,0,0,0,0,0,0
14,14,0,576,585,9,9,9,0
41,41,0,2682,2646,36,24,24,0
0,0,0,0,0,0,0,0,0
0,0,0,0,0,0,0,0,0
0,0,0,0,0,0,0,0,0
74,71,3,3446,3272,174,21,20,1
0,0,0,0,0,0,0,0,0
0,0,0,0,0,0,0,0,0
0,0,0,0,0,0,0,0,0
0,0,0,0,0,0,0,0,0
0,0,0,0,0,0,0,0,0
0,0,0,0,0,0,0,0,0
0,0,0,0,0,0,0,0,0
1227,1227,0,55176,54856,320,589,589,0
0,0,0,0,0,0,0,0,0
0,0,0,0,0,0,0,0,0
192,96,96,6245,3301,2944,105,62,43
0,0,0,0,0,0,0,0,0
57,55,2,3093,2868,225,31,30,1
86,84,2,2125,2112,13,31,31,0
176,169,7,6278,5859,419,94,88,6
193,192,1,6292,6245,47,106,105,1
135,133,2,3845,3821,24,70,69,1
0,0,0,0,0,0,0,0,0
0,0,0,0,0,0,0,0,0
427,426,1,13262,13244,18,211,211,0
110,107,3,4090,3683,407,33,31,2
0,0,0,0,0,0,0,0,0
0,0,0,0,0,0,0,0,0
232,221,11,6159,5571,588,74,70,4
0,0,0,0,0,0,0,0,0
159,158,1,5852,5517,335,64,63,1
0,0,0,0,0,0,0,0,0
17,8,9,838,240,598,14,6,8
0,0,0,0,0,0,0,0,0
1110,1171,61,33749,35683,1934,426,437,11
17,14,3,275,242,33,10,7,3
0,0,0,0,0,0,0,0,0
30,29,1,1276,1256,20,23,22,1
1887,1765,122,71752,65983,5769,889,811,78
0,0,0,0,0,0,0,0,0
0,0,0,0,0,0,0,0,0
0,0,0,0,0,0,0,0,0
0,0,0,0,0,0,0,0,0
0,0,0,0,0,0,0,0,0
0,0,0,0,0,0,0,0,0
0,0,0,0,0,0,0,0,0
0,0,0,0,0,0,0,0,0
1697,1685,12,62729,62447,282,788,784,4
0,0,0,0,0,0,0,0,0
0,0,0,0,0,0,0,0,0
0,0,0,0,0,0,0,0,0
0,0,0,0,0,0,0,0,0
205,204,1,6170,6137,33,123,122,1
0,0,0,0,0,0,0,0,0
129,127,2,3293,3271,22,54,52,2
37,36,1,1233,1201,32,22,21,1
141,137,4,6144,6017,127,73,69,4
0,0,0,0,0,0,0,0,0
0,0,0,0,0,0,0,0,0
0,0,0,0,0,0,0,0,0
0,0,0,0,0,0,0,0,0
0,0,0,0,0,0,0,0,0
0,0,0,0,0,0,0,0,0
205,204,1,6170,6137,33,123,122,1
0,0,0,0,0,0,0,0,0
0,0,0,0,0,0,0,0,0
0,0,0,0,0,0,0,0,0
129,127,2,3293,3271,22,54,52,2
0,0,0,0,0,0,0,0,0
37,36,1,1233,1201,32,22,21,1
0,0,0,0,0,0,0,0,0
141,137,4,6144,6017,127,73,69,4
0,0,0,0,0,0,0,0,0
0,0,0,0,0,0,0,0,0
0,0,0,0,0,0,0,0,0
16,16,0,635,629,6,8,8,0
16,16,0,635,635,0,8,8,0
0,0,0,0,0,0,0,0,0
0,0,0,0,0,0,0,0,0
474,470,4,14724,14553,171,161,159,2
16,16,0,629,635,6,8,8,0
16,16,0,635,629,6,8,8,0
16,16,0,629,635,6,8,8,0
16,16,0,635,629,6,8,8,0
0,0,0,0,0,0,0,0,0
16,16,0,629,635,6,8,8,0
16,16,0,635,629,6,8,8,0
16,16,0,629,635,6,8,8,0
235,232,3,8695,8633,62,97,96,1
16,16,0,629,635,6,8,8,0
16,16,0,635,629,6,8,8,0
0,0,0,0,0,0,0,0,0
16,16,0,629,635,6,8,8,0
377,374,3,8997,8934,63,164,164,0
16,16,0,629,635,6,8,8,0
16,16,0,635,629,6,8,8,0
16,16,0,629,635,6,8,8,0
16,16,0,635,629,6,8,8,0
16,16,0,629,635,6,8,8,0
16,16,0,635,629,6,8,8,0
0,0,0,0,0,0,0,0,0
16,16,0,629,635,6,8,8,0
107,93,14,5431,4926,505,62,53,9
16,16,0,629,635,6,8,8,0
179,176,3,8344,8228,116,101,99,2
13,11,2,1569,1294,275,10,8,2
29,12,17,1948,849,1099,11,6,5
12,11,1,463,348,115,7,7,0
34,23,11,2260,1873,387,27,16,11
16,16,0,629,635,6,8,8,0
16,16,0,635,629,6,8,8,0
16,16,0,629,635,6,8,8,0
103,98,5,3256,3017,239,51,49,2
16,16,0,629,635,6,8,8,0
16,16,0,635,629,6,8,8,0
16,16,0,629,635,6,8,8,0
50,27,23,2772,1495,1277,27,14,13
16,16,0,629,635,6,8,8,0
84,84,0,3931,3866,65,61,61,0
16,16,0,629,635,6,8,8,0
16,16,0,635,629,6,8,8,0
16,16,0,629,635,6,8,8,0
26,26,0,1133,1127,6,17,17,0
16,16,0,629,635,6,8,8,0
16,16,0,635,629,6,8,8,0
16,16,0,629,635,6,8,8,0
85,71,14,3865,3545,320,63,52,11
0,0,0,0,0,0,0,0,0
71,85,14,3545,3865,320,52,63,11
85,71,14,3865,3545,320,63,52,11
71,85,14,3545,3865,320,52,63,11
85,71,14,3865,3545,320,63,52,11
71,85,14,3545,3865,320,52,63,11
85,71,14,3865,3545,320,63,52,11
0,0,0,0,0,0,0,0,0
151,149,2,5424,5362,62,65,64,1
0,0,0,0,0,0,0,0,0
71,85,14,3545,3865,320,52,63,11
171,150,21,7578,7033,545,108,94,14
71,85,14,3545,3865,320,52,63,11
131,97,34,7323,5576,1747,84,64,20
71,85,14,3545,3865,320,52,63,11
85,71,14,3865,3545,320,63,52,11
71,85,14,3545,3865,320,52,63,11
85,71,14,3865,3545,320,63,52,11
0,0,0,0,0,0,0,0,0
71,85,14,3545,3865,320,52,63,11
85,71,14,3865,3545,320,63,52,11
71,85,14,3545,3865,320,52,63,11
85,71,14,3865,3545,320,63,52,11
112,105,7,6419,5855,564,59,53,6
0,0,0,0,0,0,0,0,0
71,85,14,3545,3865,320,52,63,11
284,170,114,12745,7949,4796,154,93,61
0,0,0,0,0,0,0,0,0
28,28,0,1432,1438,6,17,17,0
28,28,0,1438,1432,6,17,17,0
249,242,7,6855,6430,425,82,80,2
6,6,0,424,424,0,3,3,0
0,0,0,0,0,0,0,0,0
501,497,4,15756,15628,128,252,249,3
276,283,7,8286,8717,431,100,102,2
283,276,7,8717,8286,431,102,100,2
260,267,7,7657,8082,425,92,94,2
325,309,16,12141,10638,1503,125,121,4
0,0,0,0,0,0,0,0,0
187,168,19,9090,8138,952,102,90,12
309,325,16,10638,12141,1503,121,125,4
696,673,23,20865,19090,1775,287,279,8
0,0,0,0,0,0,0,0,0
673,696,23,19090,20865,1775,279,287,8
696,673,23,20865,19090,1775,287,279,8
673,696,23,19090,20865,1775,279,287,8
0,0,0,0,0,0,0,0,0
706,685,21,21285,19553,1732,294,286,8
0,0,0,0,0,0,0,0,0
0,0,0,0,0,0,0,0,0
0,0,0,0,0,0,0,0,0
0,0,0,0,0,0,0,0,0
0,0,0,0,0,0,0,0,0
0,0,0,0,0,0,0,0,0
0,0,0,0,0,0,0,0,0
0,0,0,0,0,0,0,0,0
128,118,10,4529,3520,1009,32,25,7
0,0,0,0,0,0,0,0,0
673,696,23,19090,20865,1775,279,287,8
783,758,25,22833,21019,1814,309,299,10
376,366,10,8685,8478,207,166,158,8
389,376,13,8794,8685,109,168,166,2
0,0,0,0,0,0,0,0,0
758,806,48,21019,23149,2130,299,319,20
0,0,0,0,0,0,0,0,0
806,758,48,23156,21019,2137,319,299,20
0,0,0,0,0,0,0,0,0
0,0,0,0,0,0,0,0,0
758,806,48,21019,23156,2137,299,319,20
806,758,48,23156,21019,2137,319,299,20
768,806,38,21226,23156,1930,307,319,12
946,875,71,26808,23570,3238,363,336,27
768,806,38,21226,23156,1930,307,319,12
806,768,38,23156,21226,1930,319,307,12
768,806,38,21226,23156,1930,307,319,12
806,768,38,23156,21226,1930,319,307,12
768,806,38,21226,23156,1930,307,319,12
806,768,38,23156,21226,1930,319,307,12
0,0,0,0,0,0,0,0,0
768,806,38,21226,23156,1930,307,319,12
806,768,38,23156,21226,1930,319,307,12
768,806,38,21226,23156,1930,307,319,12
1727,1480,247,67131,52045,15086,789,666,123
110,106,4,4707,4562,145,56,55,1
1481,1728,247,52135,67221,15086,667,790,123
1728,1481,247,67221,52135,15086,790,667,123
1481,1728,247,52135,67221,15086,667,790,123
1728,1481,247,67221,52135,15086,790,667,123
1481,1728,247,52135,67221,15086,667,790,123
0,0,0,0,0,0,0,0,0
0,0,0,0,0,0,0,0,0
1941,1601,340,73644,55692,17952,850,692,158
0,0,0,0,0,0,0,0,0
82,82,0,2339,2330,9,19,19,0
11,11,0,408,402,6,9,9,0
0,0,0,0,0,0,0,0,0
0,0,0,0,0,0,0,0,0
253,249,4,6059,5962,97,96,94,2
9,0,9,582,0,582,7,0,7
198,196,2,7550,7482,68,80,79,1
0,0,0,0,0,0,0,0,0
39,28,11,2284,1719,565,23,16,7
100,89,11,2693,2236,457,40,36,4
0,0,0,0,0,0,0,0,0
0,0,0,0,0,0,0,0,0
0,0,0,0,0,0,0,0,0
0,0,0,0,0,0,0,0,0
0,0,0,0,0,0,0,0,0
0,0,0,0,0,0,0,0,0
0,0,0,0,0,0,0,0,0
8,0,8,555,0,555,7,0,7
0,0,0,0,0,0,0,0,0
255,218,37,8635,7009,1626,132,123,9
13,12,1,828,803,25,10,9,1
0,0,0,0,0,0,0,0,0
1237,385,852,32605,8589,24016,506,126,380
466,465,1,14413,14376,37,231,230,1
66,65,1,2929,2775,154,45,44,1
508,508,0,12028,11944,84,161,160,1
34,33,1,2091,2091,0,12,12,0
0,0,0,0,0,0,0,0,0
18,18,0,1126,1126,0,4,4,0
315,1,314,9400,424,8976,178,1,177
39,38,1,3091,3008,83,17,17,0
0,0,0,0,0,0,0,0,0
0,0,0,0,0,0,0,0,0
0,0,0,0,0,0,0,0,0
0,0,0,0,0,0,0,0,0
12,11,1,575,549,26,7,7,0
0,0,0,0,0,0,0,0,0
0,0,0,0,0,0,0,0,0
0,0,0,0,0,0,0,0,0
1853,1820,33,56161,55146,1015,768,757,11
0,0,0,0,0,0,0,0,0
0,0,0,0,0,0,0,0,0
0,0,0,0,0,0,0,0,0
0,0,0,0,0,0,0,0,0
0,0,0,0,0,0,0,0,0
0,0,0,0,0,0,0,0,0
0,0,0,0,0,0,0,0,0
0,0,0,0,0,0,0,0,0
0,0,0,0,0,0,0,0,0
0,0,0,0,0,0,0,0,0
0,0,0,0,0,0,0,0,0
0,0,0,0,0,0,0,0,0
0,0,0,0,0,0,0,0,0
0,0,0,0,0,0,0,0,0
0,0,0,0,0,0,0,0,0
0,0,0,0,0,0,0,0,0
0,0,0,0,0,0,0,0,0
0,0,0,0,0,0,0,0,0
0,0,0,0,0,0,0,0,0
0,0,0,0,0,0,0,0,0
112,77,35,6888,5619,1269,72,63,9
110,110,0,3993,3989,4,100,100,0
0,0,0,0,0,0,0,0,0
0,0,0,0,0,0,0,0,0
0,0,0,0,0,0,0,0,0
19,19,0,882,861,21,9,9,0
0,0,0,0,0,0,0,0,0
0,0,0,0,0,0,0,0,0
170,171,1,4572,4585,13,45,45,0
0,0,0,0,0,0,0,0,0
0,0,0,0,0,0,0,0,0
0,0,0,0,0,0,0,0,0
200,198,2,7660,7550,110,80,80,0
14,14,0,1073,1073,0,11,11,0
0,0,0,0,0,0,0,0,0
0,0,0,0,0,0,0,0,0
0,0,0,0,0,0,0,0,0
0,0,0,0,0,0,0,0,0
82,80,2,1854,1750,104,15,15,0
437,417,20,11294,10921,373,120,114,6
18,18,0,756,759,3,11,11,0
0,0,0,0,0,0,0,0,0
0,0,0,0,0,0,0,0,0
0,0,0,0,0,0,0,0,0
0,0,0,0,0,0,0,0,0
0,0,0,0,0,0,0,0,0
86,0,86,3389,0,3389,31,0,31
0,0,0,0,0,0,0,0,0
0,0,0,0,0,0,0,0,0
0,0,0,0,0,0,0,0,0
319,318,1,10598,10436,162,107,106,1
318,405,87,10436,13987,3551,106,138,32
403,318,85,13977,10436,3541,138,106,32
402,0,402,26712,0,26712,268,0,268
0,0,0,0,0,0,0,0,0
0,0,0,0,0,0,0,0,0
0,0,0,0,0,0,0,0,0
0,0,0,0,0,0,0,0,0
0,0,0,0,0,0,0,0,0
0,0,0,0,0,0,0,0,0
0,0,0,0,0,0,0,0,0
6,6,0,574,574,0,3,3,0
0,0,0,0,0,0,0,0,0
153,153,0,4477,4467,10,31,31,0
0,0,0,0,0,0,0,0,0
0,0,0,0,0,0,0,0,0
0,0,0,0,0,0,0,0,0
0,0,0,0,0,0,0,0,0
0,0,0,0,0,0,0,0,0
54,54,0,1927,1928,1,33,33,0
97,83,14,2285,1891,394,25,16,9
783,781,2,23645,23436,209,337,336,1
0,0,0,0,0,0,0,0,0
446,429,17,15418,14321,1097,210,200,10
54,54,0,1870,1904,34,34,33,1
304,239,65,11210,8850,2360,138,98,40
214,212,2,8112,8053,59,86,85,1
124,123,1,3294,3202,92,60,59,1
26,25,1,636,625,11,17,17,0
156,155,1,3930,3686,244,43,42,1
0,0,0,0,0,0,0,0,0
0,0,0,0,0,0,0,0,0
0,0,0,0,0,0,0,0,0
0,0,0,0,0,0,0,0,0
0,0,0,0,0,0,0,0,0
0,0,0,0,0,0,0,0,0
0,0,0,0,0,0,0,0,0
0,0,0,0,0,0,0,0,0
0,0,0,0,0,0,0,0,0
0,0,0,0,0,0,0,0,0
0,0,0,0,0,0,0,0,0
0,0,0,0,0,0,0,0,0
0,0,0,0,0,0,0,0,0
0,0,0,0,0,0,0,0,0
0,0,0,0,0,0,0,0,0
0,0,0,0,0,0,0,0,0
39,39,0,1623,1623,0,26,26,0
62,0,62,2918,0,2918,29,0,29
190,188,2,6584,6482,102,101,100,1
0,0,0,0,0,0,0,0,0
0,0,0,0,0,0,0,0,0
0,0,0,0,0,0,0,0,0
0,0,0,0,0,0,0,0,0
120,114,6,3646,3388,258,46,41,5
0,0,0,0,0,0,0,0,0
0,0,0,0,0,0,0,0,0
0,0,0,0,0,0,0,0,0
0,0,0,0,0,0,0,0,0
0,0,0,0,0,0,0,0,0
111,111,0,2558,2562,4,11,11,0
26,26,0,1901,1919,18,21,21,0
137,137,0,4481,4459,22,32,32,0
273,276,3,8713,9024,311,101,104,3
0,0,0,0,0,0,0,0,0
0,0,0,0,0,0,0,0,0
0,0,0,0,0,0,0,0,0
753,756,3,21941,21845,96,336,340,4
190,184,6,10050,9686,364,63,61,2
0,0,0,0,0,0,0,0,0
16,16,0,726,704,22,6,6,0
72,44,28,2560,1434,1126,46,24,22
16,16,0,704,726,22,6,6,0
27,16,11,984,704,280,6,6,0
114,110,4,3975,3993,18,102,100,2
459,458,1,15297,15241,56,203,202,1
4,0,4,681,0,681,2,0,2
15,6,9,935,412,523,9,3,6
329,311,18,7782,7088,694,121,107,14
53,53,0,1783,1698,85,36,36,0
0,0,0,0,0,0,0,0,0
104,104,0,3407,3407,0,43,43,0
0,0,0,0,0,0,0,0,0
0,0,0,0,0,0,0,0,0
242,237,5,6855,6822,33,94,89,5
223,199,24,6752,5701,1051,71,56,15
0,0,0,0,0,0,0,0,0
0,0,0,0,0,0,0,0,0
0,0,0,0,0,0,0,0,0
0,0,0,0,0,0,0,0,0
0,0,0,0,0,0,0,0,0
0,0,0,0,0,0,0,0,0
0,0,0,0,0,0,0,0,0
0,0,0,0,0,0,0,0,0
0,0,0,0,0,0,0,0,0
0,0,0,0,0,0,0,0,0
0,0,0,0,0,0,0,0,0
17,0,17,1326,0,1326,9,0,9
19,18,1,1107,1079,28,8,7,1
50,49,1,2161,2158,3,16,16,0
67,66,1,2714,2631,83,28,27,1
0,0,0,0,0,0,0,0,0
111,110,1,3947,3829,118,43,42,1
346,326,20,11122,10663,459,124,118,6
52,37,15,1851,1219,632,34,27,7
172,171,1,4490,4422,68,54,53,1
47,42,5,4100,3527,573,30,26,4
55,53,2,1754,1718,36,38,36,2
41,41,0,1642,1638,4,26,26,0
82,82,0,2137,2110,27,25,25,0
423,392,31,11924,10778,1146,137,130,7
138,135,3,3481,3420,61,62,59,3
9,7,2,888,599,289,4,2,2
226,216,10,6169,5982,187,77,67,10
21,10,11,1462,515,947,12,4,8
197,194,3,6758,6648,110,106,105,1
42,10,32,2696,520,2176,17,4,13
70,27,43,4417,2136,2281,47,18,29
91,89,2,3775,3735,40,48,48,0
14,5,9,710,126,584,5,1,4
305,288,17,10560,9905,655,183,166,17
83,24,59,3096,1081,2015,52,13,39
0,0,0,0,0,0,0,0,0
38,43,5,2156,2146,10,31,34,3
86,78,8,5346,4613,733,40,38,2
71,15,56,6027,1480,4547,51,9,42
0,0,0,0,0,0,0,0,0
0,0,0,0,0,0,0,0,0
0,0,0,0,0,0,0,0,0
0,0,0,0,0,0,0,0,0
21,19,2,1966,1936,30,15,13,2
0,0,0,0,0,0,0,0,0
0,0,0,0,0,0,0,0,0
0,0,0,0,0,0,0,0,0
0,0,0,0,0,0,0,0,0
0,0,0,0,0,0,0,0,0
0,0,0,0,0,0,0,0,0
0,0,0,0,0,0,0,0,0
851,817,34,25129,23877,1252,346,328,18
170,159,11,4694,4434,260,72,70,2
83,68,15,4361,3465,896,41,33,8
31,29,2,1052,1010,42,7,7,0
0,0,0,0,0,0,0,0,0
467,464,3,14760,14650,110,233,232,1
0,0,0,0,0,0,0,0,0
116,108,8,3740,3316,424,74,74,0
68,71,3,3823,3999,176,34,30,4
0,0,0,0,0,0,0,0,0
469,399,70,13692,11474,2218,253,199,54
25,15,10,914,540,374,18,12,6
570,487,83,17185,14334,2851,305,268,37
0,0,0,0,0,0,0,0,0
82,25,57,4634,1048,3586,36,13,23
842,707,135,22104,15798,6306,390,271,119
0,0,0,0,0,0,0,0,0
947,677,270,30730,22398,8332,487,327,160
18,17,1,707,682,25,15,15,0
566,565,1,13084,13073,11,173,172,1
32,10,22,2289,530,1759,16,4,12
321,319,2,9398,9265,133,107,105,2
14,14,0,692,671,21,8,8,0
0,0,0,0,0,0,0,0,0
723,712,11,23386,22654,732,306,299,7
15,15,0,929,929,0,9,9,0
389,390,1,8761,8771,10,169,169,0
0,0,0,0,0,0,0,0,0
0,0,0,0,0,0,0,0,0
0,0,0,0,0,0,0,0,0
0,0,0,0,0,0,0,0,0
0,0,0,0,0,0,0,0,0
0,0,0,0,0,0,0,0,0
0,0,0,0,0,0,0,0,0
0,0,0,0,0,0,0,0,0
0,0,0,0,0,0,0,0,0
61,60,1,2299,2278,21,29,29,0
71,61,10,2570,2299,271,32,29,3
736,720,16,20935,20150,785,230,214,16
0,0,0,0,0,0,0,0,0
0,0,0,0,0,0,0,0,0
116,116,0,3740,3740,0,74,74,0
72,71,1,2586,2570,16,33,32,1
0,0,0,0,0,0,0,0,0
0,0,0,0,0,0,0,0,0
0,0,0,0,0,0,0,0,0
356,154,202,17060,7315,9745,322,128,194
6,6,0,225,225,0,6,6,0
24,10,14,1094,540,554,11,4,7
64,58,6,2618,2433,185,44,44,0
0,0,0,0,0,0,0,0,0
964,906,58,28140,25490,2650,439,409,30
775,743,32,25325,23846,1479,295,274,21
0,0,0,0,0,0,0,0,0
0,0,0,0,0,0,0,0,0
0,0,0,0,0,0,0,0,0
0,0,0,0,0,0,0,0,0
0,0,0,0,0,0,0,0,0
0,0,0,0,0,0,0,0,0
0,0,0,0,0,0,0,0,0
552,551,1,16034,16001,33,289,289,0
0,0,0,0,0,0,0,0,0
0,0,0,0,0,0,0,0,0
0,0,0,0,0,0,0,0,0
17,17,0,1229,1229,0,4,4,0
80,7,73,4392,470,3922,54,5,49
0,0,0,0,0,0,0,0,0
508,473,35,15630,15083,547,244,238,6
14,14,0,652,648,4,6,6,0
198,194,4,8599,8449,150,142,141,1
303,298,5,7227,7173,54,90,90,0
346,339,7,10177,9967,210,120,119,1
0,0,0,0,0,0,0,0,0
514,508,6,16076,15630,446,249,244,5
298,298,0,6475,6460,15,89,89,0
0,0,0,0,0,0,0,0,0
197,193,4,5773,5444,329,64,62,2
0,0,0,0,0,0,0,0,0
555,535,20,18036,17113,923,240,227,13
535,555,20,17113,18036,923,227,240,13
0,0,0,0,0,0,0,0,0
61,61,0,3295,3242,53,38,38,0
426,426,0,9298,9299,1,176,176,0
525,439,86,13713,11369,2344,159,122,37
113,111,2,2682,2555,127,12,11,1
62,54,8,4514,3849,665,46,40,6
494,467,27,12542,11961,581,133,127,6
124,74,50,4562,2587,1975,89,59,30
0,0,0,0,0,0,0,0,0
0,0,0,0,0,0,0,0,0
0,0,0,0,0,0,0,0,0
315,312,3,12276,12148,128,130,128,2
0,0,0,0,0,0,0,0,0
0,0,0,0,0,0,0,0,0
515,514,1,16129,16075,54,250,249,1
0,0,0,0,0,0,0,0,0
177,161,16,5182,4706,476,36,31,5
0,0,0,0,0,0,0,0,0
0,0,0,0,0,0,0,0,0
348,336,12,13387,13049,338,152,148,4
0,0,0,24,24,0,0,0,0
0,0,0,0,0,0,0,0,0
0,0,0,0,0,0,0,0,0
0,0,0,0,0,0,0,0,0
0,0,0,0,0,0,0,0,0
0,0,0,0,0,0,0,0,0
0,0,0,0,0,0,0,0,0
0,0,0,0,0,0,0,0,0
333,333,0,9683,9663,20,113,112,1
0,0,0,0,0,0,0,0,0
0,0,0,0,0,0,0,0,0
333,333,0,9683,9663,20,113,112,1
0,0,0,0,0,0,0,0,0
0,0,0,0,0,0,0,0,0
56,55,1,3202,2704,498,37,36,1
335,333,2,10025,9683,342,114,113,1
0,0,0,0,0,0,0,0,0
0,0,0,0,0,0,0,0,0
0,0,0,0,0,0,0,0,0
0,0,0,0,0,0,0,0,0
30,27,3,1918,1807,111,22,19,3
0,0,0,0,0,0,0,0,0
1700,1533,167,54888,47823,7065,791,713,78
186,181,5,5869,5287,582,46,42,4
147,144,3,5219,5124,95,88,88,0
147,132,15,4948,3871,1077,30,22,8
457,452,5,18548,18074,474,204,200,4
536,475,61,16144,13678,2466,256,210,46
42,25,17,1464,981,483,20,16,4
147,110,37,7730,5501,2229,67,62,5
0,0,0,0,0,0,0,0,0
54,54,0,1730,1712,18,19,19,0
0,0,0,0,0,0,0,0,0
0,0,0,0,0,0,0,0,0
11,9,2,380,340,40,8,6,2
19,20,1,927,815,112,14,15,1
0,0,0,0,0,0,0,0,0
16,20,4,1107,1158,51,5,4,1
284,282,2,7567,7485,82,84,83,1
24,21,3,1074,888,186,12,10,2
0,382,382,0,20842,20842,0,168,168
67,64,3,2358,1757,601,36,34,2
137,74,63,5355,2302,3053,63,38,25
945,872,73,40130,37580,2550,425,402,23
578,549,29,15095,14441,654,144,139,5
80,72,8,2908,2586,322,35,33,2
190,186,4,6240,5869,371,47,46,1
0,0,0,0,0,0,0,0,0
68,68,0,4103,4103,0,22,22,0
120,120,0,4052,4052,0,78,78,0
0,0,0,0,0,0,0,0,0
413,396,17,12244,10702,1542,164,154,10
0,0,0,0,0,0,0,0,0
337,337,0,10323,10177,146,117,116,1
17,6,11,1054,225,829,16,6,10
0,0,0,0,0,0,0,0,0
0,0,0,0,0,0,0,0,0
0,0,0,0,0,0,0,0,0
0,0,0,0,0,0,0,0,0
436,433,3,9972,9829,143,185,182,3
8,7,1,1788,1293,495,7,6,1
659,569,90,18291,14290,4001,215,163,52
0,0,0,0,0,0,0,0,0
0,0,0,0,0,0,0,0,0
432,432,0,9465,9478,13,182,182,0
442,436,6,10241,9959,282,190,185,5
1425,1144,281,40725,27497,13228,545,407,138
68,59,9,2565,1951,614,43,37,6
0,0,0,0,0,0,0,0,0
0,0,0,0,0,0,0,0,0
271,270,1,13551,13522,29,155,155,0
23,23,0,3407,3407,0,20,20,0
0,0,0,0,0,0,0,0,0
0,0,0,0,0,0,0,0,0
0,0,0,0,0,0,0,0,0
0,0,0,0,0,0,0,0,0
0,0,0,0,0,0,0,0,0
0,0,0,0,0,0,0,0,0
100,44,56,3835,1045,2790,62,18,44
0,0,0,0,0,0,0,0,0
0,0,0,0,0,0,0,0,0
702,660,42,19083,16804,2279,222,190,32
0,0,0,0,0,0,0,0,0
0,0,0,0,0,0,0,0,0
0,0,0,0,0,0,0,0,0
0,0,0,0,0,0,0,0,0
0,0,0,0,0,0,0,0,0
0,0,0,0,0,0,0,0,0
299,299,0,16134,16134,0,201,201,0
0,0,0,0,0,0,0,0,0
0,0,0,0,0,0,0,0,0
0,0,0,0,0,0,0,0,0
0,0,0,0,0,0,0,0,0
0,0,0,0,0,0,0,0,0
0,0,0,0,0,0,0,0,0
0,0,0,0,0,0,0,0,0
0,0,0,0,0,0,0,0,0
0,0,0,0,0,0,0,0,0
0,0,0,0,0,0,0,0,0
321,320,1,8090,7937,153,104,103,1
0,0,0,0,0,0,0,0,0
0,0,0,0,0,0,0,0,0
0,0,0,0,0,0,0,0,0
0,0,0,0,0,0,0,0,0
0,0,0,0,0,0,0,0,0
0,0,0,0,0,0,0,0,0
0,0,0,0,0,0,0,0,0
0,0,0,0,0,0,0,0,0
500,499,1,12895,12877,18,215,214,1
0,0,0,0,0,0,0,0,0
0,0,0,0,0,0,0,0,0
0,0,0,0,0,0,0,0,0
0,0,0,0,0,0,0,0,0
499,500,1,12877,12895,18,214,215,1
500,499,1,12895,12877,18,215,214,1
0,0,0,0,0,0,0,0,0
0,0,0,0,0,0,0,0,0
0,0,0,0,0,0,0,0,0
0,0,0,0,0,0,0,0,0
0,0,0,0,0,0,0,0,0
210,210,0,8814,8814,0,137,137,0
122,122,0,4244,4244,0,80,80,0
0,0,0,0,0,0,0,0,0
0,0,0,0,0,0,0,0,0
0,0,0,0,0,0,0,0,0
0,0,0,0,0,0,0,0,0
352,351,1,10939,10845,94,124,122,2
0,0,0,0,0,0,0,0,0
0,0,0,0,0,0,0,0,0
0,0,0,0,0,0,0,0,0
0,0,0,0,0,0,0,0,0
0,0,0,0,0,0,0,0,0
0,0,0,0,0,0,0,0,0
0,0,0,0,0,0,0,0,0
0,0,0,0,0,0,0,0,0
0,0,0,0,0,0,0,0,0
0,0,0,0,0,0,0,0,0
0,0,0,0,0,0,0,0,0
0,0,0,0,0,0,0,0,0
0,0,0,0,0,0,0,0,0
0,0,0,0,0,0,0,0,0
13,10,3,638,550,88,5,4,1
0,0,0,0,0,0,0,0,0
69,69,0,1650,1591,59,33,33,0
311,311,0,7013,7018,5,95,95,0
0,0,0,0,0,0,0,0,0
0,0,0,0,0,0,0,0,0
0,0,0,0,0,0,0,0,0
0,0,0,0,0,0,0,0,0
68,69,1,1526,1617,91,33,33,0
0,0,0,0,0,0,0,0,0
0,0,0,0,0,0,0,0,0
0,0,0,0,0,0,0,0,0
0,0,0,0,0,0,0,0,0
0,0,0,0,0,0,0,0,0
0,0,0,0,0,0,0,0,0
0,0,0,0,0,0,0,0,0
0,0,0,0,0,0,0,0,0
0,0,0,0,0,0,0,0,0
0,0,0,0,0,0,0,0,0
0,0,0,0,0,0,0,0,0
456,453,3,10507,10322,185,200,197,3
352,352,0,10957,10934,23,124,124,0
99,88,11,3143,2757,386,64,61,3
0,0,0,0,0,0,0,0,0
0,0,0,0,0,0,0,0,0
0,0,0,0,0,0,0,0,0
0,0,0,0,0,0,0,0,0
220,218,2,6482,6245,237,51,50,1
65,65,0,1769,1767,2,35,35,0
218,218,0,6255,6277,22,50,50,0
222,204,18,6525,5658,867,76,66,10
0,0,0,0,0,0,0,0,0
0,0,0,0,0,0,0,0,0
2,2,0,205,205,0,1,1,0
567,561,6,13367,13085,282,248,246,2
120,120,0,4052,4052,0,78,78,0
120,120,0,4010,4052,42,78,78,0
0,0,0,0,0,0,0,0,0
9832,9832,0,381164,381164,0,4997,4997,0
0,0,0,0,0,0,0,0,0
123,120,3,3768,3646,122,47,46,1
0,0,0,0,0,0,0,0,0
0,0,0,0,0,0,0,0,0
0,0,0,0,0,0,0,0,0
0,0,0,0,0,0,0,0,0
0,0,0,0,0,0,0,0,0
48,48,0,1134,1118,16,5,5,0
578,328,250,17930,9332,8598,271,128,143
0,0,0,0,0,0,0,0,0
0,0,0,0,0,0,0,0,0
0,0,0,0,0,0,0,0,0
0,0,0,0,0,0,0,0,0
0,0,0,0,0,0,0,0,0
0,0,0,0,0,0,0,0,0
0,0,0,0,0,0,0,0,0
876,828,48,27124,24982,2142,379,360,19
249,242,7,8703,7848,855,88,84,4
336,325,11,9174,8629,545,113,106,7
315,315,0,7122,7120,2,96,96,0
0,0,0,0,0,0,0,0,0
55,55,0,1383,1385,2,14,14,0
74,0,74,4425,33,4392,55,0,55
412,399,13,16045,14939,1106,254,241,13
0,0,0,0,0,0,0,0,0
0,0,0,0,0,0,0,0,0
101,100,1,2683,2559,124,24,24,0
32,29,3,2598,2322,276,20,17,3
0,0,0,0,0,0,0,0,0
0,0,0,0,0,0,0,0,0
0,0,0,0,0,0,0,0,0
212,211,1,5002,4981,21,65,64,1
0,0,0,0,0,0,0,0,0
111,107,4,4351,4198,153,76,74,2
245,245,0,11372,11365,7,88,88,0
0,0,0,0,0,0,0,0,0
0,0,0,0,0,0,0,0,0
195,195,0,6775,6671,104,127,127,0
14,14,0,1868,1868,0,11,11,0
378,375,3,13181,13074,107,172,172,0
0,0,0,0,0,0,0,0,0
0,0,0,0,0,0,0,0,0
0,0,0,0,0,0,0,0,0
0,0,0,0,0,0,0,0,0
0,0,0,0,0,0,0,0,0
360,356,4,11663,11060,603,126,125,1
471,470,1,16782,16581,201,218,217,1
116,114,2,5205,5169,36,41,41,0
149,141,8,5495,4980,515,98,90,8
109,100,9,4663,4233,430,65,57,8
21,19,2,976,929,47,16,16,0
364,360,4,12871,11663,1208,127,126,1
0,0,0,0,0,0,0,0,0
68,68,0,1573,1526,47,33,33,0
0,0,0,0,0,0,0,0,0
0,0,0,0,0,0,0,0,0
0,0,0,0,0,0,0,0,0
0,0,0,0,0,0,0,0,0
69,68,1,1586,1573,13,33,33,0
0,0,0,0,0,0,0,0,0
0,0,0,0,0,0,0,0,0
0,0,0,0,0,0,0,0,0
14,13,1,447,429,18,11,10,1
0,0,0,0,0,0,0,0,0
353,350,3,10305,10096,209,286,285,1
0,0,0,0,0,0,0,0,0
1,1,0,140,140,0,1,1,0
0,0,0,0,0,0,0,0,0
0,0,0,0,0,0,0,0,0
0,0,0,0,0,0,0,0,0
321,312,9,8090,7020,1070,104,95,9
0,0,0,0,0,0,0,0,0
0,0,0,0,0,0,0,0,0
151,88,63,5078,2757,2321,71,61,10
88,151,63,2757,5078,2321,61,71,10
739,566,173,22543,15683,6860,343,267,76
0,0,0,0,0,0,0,0,0
440,463,23,13696,12110,1586,185,166,19
0,0,0,0,0,0,0,0,0
0,0,0,0,0,0,0,0,0
0,0,0,0,0,0,0,0,0
0,0,0,0,0,0,0,0,0
0,0,0,0,0,0,0,0,0
0,0,0,0,0,0,0,0,0
0,0,0,0,0,0,0,0,0
0,0,0,0,0,0,0,0,0
0,0,0,0,0,0,0,0,0
0,0,0,0,0,0,0,0,0
0,0,0,0,0,0,0,0,0
0,0,0,0,0,0,0,0,0
0,0,0,0,0,0,0,0,0
0,0,0,0,0,0,0,0,0
0,0,0,0,0,0,0,0,0
0,0,0,0,0,0,0,0,0
0,0,0,0,0,0,0,0,0
0,0,0,0,0,0,0,0,0
0,0,0,0,0,0,0,0,0
0,0,0,0,0,0,0,0,0
13,10,3,638,550,88,5,4,1
0,0,0,0,0,0,0,0,0
69,69,0,1650,1591,59,33,33,0
69,69,0,1591,1650,59,33,33,0
69,69,0,1650,1591,59,33,33,0
0,0,0,0,0,0,0,0,0
311,311,0,7013,7018,5,95,95,0
0,0,0,0,0,0,0,0,0
0,0,0,0,0,0,0,0,0
0,0,0,0,0,0,0,0,0
0,0,0,0,0,0,0,0,0
0,0,0,0,0,0,0,0,0
68,69,1,1526,1617,91,33,33,0
69,68,1,1617,1526,91,33,33,0
0,0,0,0,0,0,0,0,0
0,0,0,0,0,0,0,0,0
0,0,0,0,0,0,0,0,0
68,69,1,1526,1617,91,33,33,0
0,0,0,0,0,0,0,0,0
0,0,0,0,0,0,0,0,0
0,0,0,0,0,0,0,0,0
0,0,0,0,0,0,0,0,0
0,0,0,0,0,0,0,0,0
0,0,0,0,0,0,0,0,0
0,0,0,0,0,0,0,0,0
0,0,0,0,0,0,0,0,0
0,0,0,0,0,0,0,0,0
0,0,0,0,0,0,0,0,0
456,437,19,10507,9615,892,200,186,14
352,352,0,10957,10934,23,124,124,0
99,88,11,3143,2757,386,64,61,3
152,92,60,5146,2872,2274,72,62,10
0,0,0,0,0,0,0,0,0
92,92,0,2872,2870,2,62,62,0
92,92,0,2872,2872,0,62,62,0
57,57,0,1576,1576,0,8,8,0
0,0,0,0,0,0,0,0,0
3,3,0,727,700,27,2,2,0
57,57,0,1576,1576,0,8,8,0
0,60,60,0,2303,2303,0,10,10
0,0,0,0,0,0,0,0,0
0,0,0,0,0,0,0,0,0
0,0,0,0,0,0,0,0,0
220,218,2,6482,6245,237,51,50,1
65,65,0,1769,1767,2,35,35,0
218,218,0,6255,6277,22,50,50,0
222,18,204,6525,1266,5259,76,10,66
0,0,0,0,0,0,0,0,0
0,0,0,0,0,0,0,0,0
2,0,2,205,0,205,1,0,1
547,507,40,15973,14754,1219,161,162,1
57,57,0,1576,1576,0,8,8,0
60,57,3,1643,1576,67,8,8,0
1074,925,149,28121,24733,3388,410,351,59
120,0,120,4052,0,4052,78,0,78
120,120,0,4010,4052,42,78,78,0
0,0,0,0,0,0,0,0,0
9832,9832,0,381164,381164,0,4997,4997,0
0,0,0,0,0,0,0,0,0
123,114,9,3768,3388,380,47,41,6
0,0,0,0,0,0,0,0,0
0,0,0,0,0,0,0,0,0
0,0,0,0,0,0,0,0,0
0,0,0,0,0,0,0,0,0
0,0,0,0,0,0,0,0,0
48,0,48,1134,0,1134,5,0,5
578,64,514,17930,1704,16226,271,26,245
0,0,0,0,0,0,0,0,0
9888,10181,293,383303,393957,10654,5011,5174,163
0,0,0,0,0,0,0,0,0
456,437,19,10507,9615,892,200,186,14
352,352,0,10957,10934,23,124,124,0
99,88,11,3143,2757,386,64,61,3
0,0,0,0,0,0,0,0,0
0,0,0,0,0,0,0,0,0
0,0,0,0,0,0,0,0,0
0,0,0,0,0,0,0,0,0
220,218,2,6482,6245,237,51,50,1
65,65,0,1769,1767,2,35,35,0
218,218,0,6255,6277,22,50,50,0
222,18,204,6525,1266,5259,76,10,66
0,0,0,0,0,0,0,0,0
0,0,0,0,0,0,0,0,0
2,0,2,205,0,205,1,0,1
567,561,6,13367,13085,282,248,246,2
120,0,120,4052,0,4052,78,0,78
120,120,0,4010,4052,42,78,78,0
0,0,0,0,0,0,0,0,0
9832,9832,0,381164,381164,0,4997,4997,0
0,0,0,0,0,0,0,0,0
123,114,9,3768,3388,380,47,41,6
0,0,0,0,0,0,0,0,0
0,0,0,0,0,0,0,0,0
0,0,0,0,0,0,0,0,0
0,0,0,0,0,0,0,0,0
0,0,0,0,0,0,0,0,0
48,0,48,1134,0,1134,5,0,5
578,64,514,17930,1704,16226,271,26,245
0,0,0,0,0,0,0,0,0
0,0,0,0,0,0,0,0,0
0,0,0,0,0,0,0,0,0
0,0,0,0,0,0,0,0,0
0,0,0,0,0,0,0,0,0
0,0,0,0,0,0,0,0,0
0,0,0,0,0,0,0,0,0
0,0,0,0,0,0,0,0,0
0,0,0,0,0,0,0,0,0
876,677,199,27124,20392,6732,379,291,88
828,876,48,24982,27124,2142,360,379,19
876,677,199,27124,20392,6732,379,291,88
55,55,0,1383,1385,2,14,14,0
10064,10328,264,388925,398755,9830,5076,5242,166
10328,9948,380,398755,386281,12474,5242,5038,204
249,206,43,8703,4903,3800,88,62,26
55,55,0,1385,1383,2,14,14,0
129,55,74,5808,1385,4423,69,14,55
412,247,165,16045,7929,8116,254,154,100
0,0,0,0,0,0,0,0,0
336,311,25,9174,7019,2155,113,95,18
315,315,0,7122,7120,2,96,96,0
315,315,0,7120,7122,2,96,96,0
325,336,11,8629,9174,545,106,113,7
336,311,25,9174,7019,2155,113,95,18
315,315,0,7122,7120,2,96,96,0
769,856,87,23477,28975,5498,351,419,68
315,315,0,7122,7120,2,96,96,0
541,302,239,21853,9314,12539,323,168,155
101,100,1,2683,2507,176,24,24,0
32,17,15,2598,631,1967,20,8,12
0,0,0,0,0,0,0,0,0
0,0,0,0,0,0,0,0,0
0,0,0,0,0,0,0,0,0
212,211,1,5002,4981,21,65,64,1
0,0,0,0,0,0,0,0,0
111,92,19,4351,2872,1479,76,62,14
245,245,0,11372,11365,7,88,88,0
0,0,0,0,0,0,0,0,0
0,0,0,0,0,0,0,0,0
195,195,0,6775,6671,104,127,127,0
14,0,14,1868,0,1868,11,0,11
63,0,63,2370,0,2370,10,0,10
378,226,152,13181,10443,2738,172,117,55
0,0,0,0,0,0,0,0,0
0,0,0,0,0,0,0,0,0
0,0,0,0,0,0,0,0,0
0,0,0,0,0,0,0,0,0
0,0,0,0,0,0,0,0,0
0,0,0,0,0,0,0,0,0
360,315,45,11663,7122,4541,126,96,30
471,437,34,16782,9630,7152,218,186,32
116,114,2,5205,5169,36,41,41,0
149,17,132,5495,628,4867,98,8,90
109,100,9,4663,4233,430,65,57,8
21,19,2,976,929,47,16,16,0
364,360,4,12871,11663,1208,127,126,1
0,0,0,0,0,0,0,0,0
68,0,68,1573,0,1573,33,0,33
0,0,0,0,0,0,0,0,0
2113,2242,129,77585,86960,9375,981,1074,93
55,55,0,1383,1385,2,14,14,0
74,0,74,4425,0,4425,55,0,55
412,247,165,16045,7929,8116,254,154,100
0,0,0,0,0,0,0,0,0
0,0,0,0,0,0,0,0,0
101,100,1,2683,2507,176,24,24,0
32,17,15,2598,631,1967,20,8,12
0,0,0,0,0,0,0,0,0
0,0,0,0,0,0,0,0,0
0,0,0,0,0,0,0,0,0
212,211,1,5002,4981,21,65,64,1
0,0,0,0,0,0,0,0,0
111,92,19,4351,2872,1479,76,62,14
245,245,0,11372,11365,7,88,88,0
0,0,0,0,0,0,0,0,0
0,0,0,0,0,0,0,0,0
195,195,0,6775,6671,104,127,127,0
14,0,14,1868,0,1868,11,0,11
378,163,215,13181,8073,5108,172,107,65
0,0,0,0,0,0,0,0,0
0,0,0,0,0,0,0,0,0
0,0,0,0,0,0,0,0,0
0,0,0,0,0,0,0,0,0
0,0,0,0,0,0,0,0,0
360,315,45,11663,7122,4541,126,96,30
471,437,34,16782,9630,7152,218,186,32
116,114,2,5205,5169,36,41,41,0
149,17,132,5495,628,4867,98,8,90
109,100,9,4663,4233,430,65,57,8
21,19,2,976,929,47,16,16,0
364,360,4,12871,11663,1208,127,126,1
0,0,0,0,0,0,0,0,0
68,0,68,1573,0,1573,33,0,33
0,0,0,0,0,0,0,0,0
0,0,0,0,0,0,0,0,0
0,0,0,0,0,0,0,0,0
0,0,0,0,0,0,0,0,0
0,0,0,0,0,0,0,0,0
69,68,1,1586,1573,13,33,33,0
0,0,0,0,0,0,0,0,0
0,0,0,0,0,0,0,0,0
0,0,0,0,0,0,0,0,0
0,0,0,0,0,0,0,0,0
0,0,0,0,0,0,0,0,0
0,0,0,0,0,0,0,0,0
137,128,9,6520,4460,2060,94,86,8
145,128,17,7004,4516,2488,98,86,12
2,2,0,227,224,3,1,1,0
116,0,116,3434,0,3434,41,0,41
356,349,7,9109,8886,223,127,121,6
63,0,63,2370,0,2370,10,0,10
93,111,18,6241,4249,1992,46,31,15
531,61,470,12550,2087,10463,249,44,205
0,0,0,0,0,0,0,0,0
0,0,0,0,0,0,0,0,0
0,0,0,0,0,0,0,0,0
0,0,0,0,0,0,0,0,0
0,0,0,0,0,0,0,0,0
0,0,0,0,0,0,0,0,0
0,0,0,0,0,0,0,0,0
0,0,0,0,0,0,0,0,0
0,0,0,0,0,0,0,0,0
1221,1243,22,37132,38565,1433,558,562,4
1256,602,654,38994,17983,21011,572,284,288
733,637,96,22248,19220,3028,321,305,16
637,238,399,19220,8301,10919,305,95,210
0,0,0,0,0,0,0,0,0
0,0,0,0,0,0,0,0,0
0,0,0,0,0,0,0,0,0
1221,1243,22,37132,38565,1433,558,562,4
1256,602,654,38994,17983,21011,572,284,288
0,0,0,0,0,0,0,0,0
0,0,0,0,0,0,0,0,0
0,0,0,0,0,0,0,0,0
52,50,2,3630,3569,61,31,31,0
0,0,0,0,0,0,0,0,0
0,0,0,0,0,0,0,0,0
0,0,0,0,0,0,0,0,0
353,48,305,10305,1134,9171,286,5,281
0,0,0,0,0,0,0,0,0
350,353,3,10096,10305,209,285,286,1
353,48,305,10305,1134,9171,286,5,281
1271,1295,24,40701,42195,1494,589,593,4
1424,653,771,46540,21692,24848,623,316,307
1,116,115,140,3916,3776,1,20,19
0,0,0,0,0,0,0,0,0
1271,1295,24,40701,42195,1494,589,593,4
1458,653,805,48129,21692,26437,645,316,329
1,1,0,140,140,0,1,1,0
1272,1444,172,40841,47560,6719,590,634,44
0,0,0,0,0,0,0,0,0
1309,653,656,42764,21692,21072,604,316,288
0,0,0,0,0,0,0,0,0
149,0,149,5321,0,5321,41,0,41
0,0,0,0,0,0,0,0,0
0,0,0,0,0,0,0,0,0
181,149,32,6911,5321,1590,67,41,26
0,0,0,0,0,0,0,0,0
0,0,0,0,0,0,0,0,0
0,0,0,0,0,0,0,0,0
107,107,0,3033,3053,20,26,26,0
0,0,0,0,0,0,0,0,0
107,107,0,3053,3033,20,26,26,0
107,107,0,3033,3053,20,26,26,0
0,0,0,0,0,0,0,0,0
0,0,0,0,0,0,0,0,0
0,0,0,0,0,0,0,0,0
0,0,0,0,0,0,0,0,0
56,34,22,2500,830,1670,41,20,21
0,0,0,0,0,0,0,0,0
20,15,5,1334,1093,241,12,8,4
361,218,143,13465,6255,7210,144,50,94
366,142,224,13797,7275,6522,147,94,53
408,402,6,12686,12488,198,150,150,0
439,439,0,9653,9653,0,186,186,0
439,439,0,9653,9653,0,186,186,0
528,528,0,16481,16488,7,260,260,0
0,0,0,0,0,0,0,0,0
0,0,0,0,0,0,0,0,0
0,0,0,0,0,0,0,0,0
0,0,0,0,0,0,0,0,0
17,17,0,501,512,11,11,11,0
26,26,0,694,689,5,17,17,0
315,321,6,7194,7336,142,94,96,2
25,25,0,1052,1070,18,17,17,0
200,197,3,6891,6758,133,107,106,1
0,0,0,0,0,0,0,0,0
65,65,0,1769,1769,0,35,35,0
136,93,43,7671,1798,5873,59,21,38
439,439,0,9658,9653,5,186,186,0
57,57,0,5930,5930,0,35,35,0
194,134,60,12533,6932,5601,88,55,33
196,166,30,11722,7837,3885,71,46,25
0,0,0,0,0,0,0,0,0
7,6,1,570,574,4,3,3,0
77,77,0,1833,1813,20,43,43,0
43,39,4,2431,2294,137,30,28,2
193,173,20,12385,9727,2658,82,72,10
173,193,20,9727,12385,2658,72,82,10
193,173,20,12385,9727,2658,82,72,10
183,176,7,8935,8636,299,115,113,2
132,132,0,4606,4606,0,86,86,0
546,181,365,22662,8846,13816,262,113,149
549,546,3,22737,22662,75,262,262,0
547,181,366,22710,8846,13864,262,113,149
584,547,37,23924,22710,1214,271,262,9
582,216,366,23897,10033,13864,271,122,149
997,946,51,36435,34723,1712,429,413,16
371,0,371,14074,93,13981,149,0,149
1377,1481,104,52250,61344,9094,579,631,52
1500,976,524,62743,37432,25311,644,423,221
140,83,57,4032,2761,1271,33,23,10
90,90,0,2270,2270,0,17,17,0
0,0,0,0,0,0,0,0,0
0,0,0,0,0,0,0,0,0
0,0,0,0,0,0,0,0,0
2091,2091,0,67061,67061,0,1084,1084,0
294,294,0,13971,13971,0,185,185,0
0,0,0,0,0,0,0,0,0
8408,8413,5,372830,375162,2332,4162,4162,0
10147,10147,0,453604,453604,0,5341,5341,0
1600,1600,0,71633,73162,1529,805,805,0
300,300,0,20666,20748,82,216,216,0
465,465,0,19709,19740,31,364,364,0
448,0,448,10337,0,10337,193,0,193
106,97,9,3216,2880,336,62,58,4
0,0,0,0,0,0,0,0,0
118,94,24,5896,2892,3004,80,62,18
42,20,22,2657,595,2062,40,20,20
0,0,0,0,0,0,0,0,0
0,0,0,0,0,0,0,0,0
0,0,0,0,0,0,0,0,0
549,544,5,21662,21528,134,211,209,2
544,549,5,21528,21662,134,209,211,2
549,544,5,21662,21528,134,211,209,2
0,0,0,0,0,0,0,0,0
447,445,2,11137,11095,42,192,191,1
0,0,0,0,0,0,0,0,0
89,88,1,2174,2138,36,24,24,0
0,0,0,0,0,0,0,0,0
0,0,0,0,0,0,0,0,0
346,0,346,18627,0,18627,321,0,321
0,0,0,0,0,0,0,0,0
337,346,9,16076,18627,2551,312,321,9
346,0,346,18627,0,18627,321,0,321
0,0,0,0,0,0,0,0,0
0,0,0,0,0,0,0,0,0
121,0,121,5766,0,5766,72,0,72
1148,1199,51,42546,35244,7302,608,624,16
121,0,121,5766,0,5766,72,0,72
0,0,0,0,0,0,0,0,0
0,0,0,0,0,0,0,0,0
305,305,0,9012,9012,0,282,282,0
0,0,0,0,0,0,0,0,0
0,0,0,0,0,0,0,0,0
81,9,72,4634,322,4312,46,8,38
0,0,0,0,0,0,0,0,0
0,0,0,0,0,0,0,0,0
0,0,0,0,0,0,0,0,0
0,0,0,0,0,0,0,0,0
0,0,0,0,0,0,0,0,0
0,0,0,0,0,0,0,0,0
0,0,0,0,0,0,0,0,0
675,486,189,27002,18095,8907,342,211,131
0,0,0,0,0,0,0,0,0
0,0,0,0,0,0,0,0,0
0,0,0,0,0,0,0,0,0
0,0,0,0,0,0,0,0,0
0,0,0,0,0,0,0,0,0
0,0,0,0,0,0,0,0,0
0,0,0,0,0,0,0,0,0
486,675,189,18095,27002,8907,211,342,131
0,0,0,0,0,0,0,0,0
675,486,189,27002,18095,8907,342,211,131
0,0,0,0,0,0,0,0,0
0,0,0,0,0,0,0,0,0
0,0,0,0,0,0,0,0,0
0,0,0,0,0,0,0,0,0
0,0,0,0,0,0,0,0,0
0,0,0,0,0,0,0,0,0
0,0,0,0,0,0,0,0,0
0,0,0,0,0,0,0,0,0
0,0,0,0,0,0,0,0,0
0,0,0,0,0,0,0,0,0
0,0,0,0,0,0,0,0,0
0,0,0,0,0,0,0,0,0
0,0,0,0,0,0,0,0,0
12,12,0,2225,2179,46,10,10,0
909,320,589,28787,11082,17705,334,119,215
0,0,0,0,0,0,0,0,0
0,0,0,0,0,0,0,0,0
312,290,22,10519,9998,521,181,181,0
0,0,0,0,0,0,0,0,0
0,0,0,0,0,0,0,0,0
0,0,0,0,0,0,0,0,0
0,0,0,0,0,0,0,0,0
0,0,0,0,0,0,0,0,0
11,0,11,726,0,726,6,0,6
313,312,1,10571,10519,52,181,181,0
2604,2603,1,89768,89384,384,1153,1153,0
0,0,0,0,0,0,0,0,0
1947,1810,137,52383,48358,4025,706,638,68
970,962,8,29384,29449,65,338,335,3
149,149,0,7653,7625,28,99,99,0
2399,2332,67,166047,163404,2643,1507,1451,56
0,0,0,0,0,0,0,0,0
614,605,9,14625,14303,322,268,263,5
0,0,0,0,0,0,0,0,0
0,0,0,0,0,0,0,0,0
24,23,1,1114,1038,76,7,7,0
222,243,21,5107,5477,370,74,78,4
5,6,1,398,525,127,3,2,1
0,0,0,0,0,0,0,0,0
0,0,0,0,0,0,0,0,0
360,315,45,13154,7183,5971,126,94,32
47,47,0,1470,1470,0,17,17,0
45,45,0,5952,5961,9,32,32,0
319,316,3,9377,9221,156,164,161,3
27,31,4,671,865,194,18,20,2
30,0,30,793,0,793,19,0,19
0,0,0,0,0,0,0,0,0
0,0,0,0,0,0,0,0,0
79,80,1,2679,2744,65,54,55,1
0,0,0,0,0,0,0,0,0
0,0,0,0,0,0,0,0,0
0,0,0,0,0,0,0,0,0
0,0,0,0,0,0,0,0,0
0,0,0,0,0,0,0,0,0
6,0,6,561,0,561,4,0,4
0,0,0,0,0,0,0,0,0
15,15,0,1893,1945,52,12,12,0
0,0,0,0,0,0,0,0,0
0,0,0,0,0,0,0,0,0
313,313,0,10587,10571,16,181,181,0
681,681,0,25307,25527,220,321,320,1
264,233,31,7727,6674,1053,81,62,19
0,0,0,0,0,0,0,0,0
0,0,0,0,0,0,0,0,0
311,292,19,19471,17017,2454,180,165,15
0,0,0,0,0,0,0,0,0
12,12,0,2264,2274,10,10,10,0
286,0,286,9850,0,9850,106,0,106
537,8,529,16115,680,15435,244,7,237
379,227,152,14190,6452,7738,155,55,100
0,0,0,76,0,76,0,0,0
0,0,0,0,0,0,0,0,0
332,313,19,11311,10587,724,191,181,10
0,0,0,0,0,0,0,0,0
0,0,0,0,0,0,0,0,0
0,0,0,0,0,0,0,0,0
20,20,0,897,897,0,10,10,0
305,305,0,9018,9018,0,282,282,0
505,351,154,14773,10388,4385,188,123,65
0,0,0,0,0,0,0,0,0
361,360,1,13199,13145,54,127,126,1
0,0,0,0,0,0,0,0,0
182,0,182,6258,0,6258,94,0,94
461,458,3,10812,10137,675,195,193,2
2,0,2,641,0,641,2,0,2
0,0,0,0,0,0,0,0,0
106,0,106,4070,0,4070,48,0,48
40,28,12,2373,1913,460,29,22,7
0,0,0,0,0,0,0,0,0
0,0,0,0,0,0,0,0,0
0,0,0,0,0,0,0,0,0
17,13,4,949,669,280,8,5,3
0,0,0,0,0,0,0,0,0
0,0,0,0,0,0,0,0,0
40,37,3,1621,1540,81,13,12,1
0,0,0,0,0,0,0,0,0
227,229,2,6420,6508,88,54,55,1
0,0,0,0,0,0,0,0,0
0,0,0,0,0,0,0,0,0
0,0,0,0,0,0,0,0,0
0,0,0,0,0,0,0,0,0
0,0,0,0,0,0,0,0,0
0,0,0,0,0,0,0,0,0
0,0,0,0,0,0,0,0,0
0,0,0,0,0,0,0,0,0
0,0,0,0,0,0,0,0,0
0,0,0,0,0,0,0,0,0
0,0,0,0,0,0,0,0,0
0,0,0,0,0,0,0,0,0
0,0,0,0,0,0,0,0,0
490,338,152,16866,9150,7716,185,83,102
0,0,0,0,0,0,0,0,0
0,0,0,0,0,0,0,0,0
0,0,0,0,0,0,0,0,0
0,0,0,0,0,0,0,0,0
0,0,0,0,0,0,0,0,0
201,201,0,8682,8723,41,108,108,0
270,264,6,10472,10166,306,136,133,3
120,117,3,4251,3637,614,43,41,2
116,118,2,3626,3657,31,41,41,0
2,0,2,594,0,594,2,0,2
0,0,0,0,0,0,0,0,0
1248,520,728,38499,17453,21046,516,243,273
0,0,0,0,0,0,0,0,0
23,0,23,975,0,975,13,0,13
13,13,0,580,580,0,5,5,0
0,0,0,0,0,0,0,0,0
0,0,0,0,0,0,0,0,0
112,103,9,3665,3270,395,64,61,3
0,0,0,0,0,0,0,0,0
0,0,0,0,0,0,0,0,0
0,0,0,0,0,0,0,0,0
0,0,0,0,0,0,0,0,0
9,9,0,1037,1038,1,9,9,0
0,0,0,0,0,0,0,0,0
347,347,0,11677,11693,16,233,233,0
21,21,0,2491,2477,14,15,15,0
84,84,0,2096,2104,8,24,24,0
0,0,0,0,0,0,0,0,0
0,0,0,0,0,0,0,0,0
0,0,0,0,0,0,0,0,0
0,0,0,0,0,0,0,0,0
0,0,0,0,0,0,0,0,0
0,0,0,0,0,0,0,0,0
0,0,0,0,0,0,0,0,0
0,0,0,0,0,0,0,0,0
0,0,0,0,0,0,0,0,0
0,0,0,0,0,0,0,0,0
0,0,0,0,0,0,0,0,0
0,0,0,0,0,0,0,0,0
0,0,0,0,0,0,0,0,0
12,12,0,2308,2271,37,10,10,0
0,0,0,0,0,0,0,0,0
0,0,0,0,0,0,0,0,0
0,0,0,0,0,0,0,0,0
0,0,0,0,0,0,0,0,0
0,0,0,0,0,0,0,0,0
0,0,0,0,0,0,0,0,0
0,0,0,0,0,0,0,0,0
0,0,0,0,0,0,0,0,0
0,0,0,0,0,0,0,0,0
0,0,0,0,0,0,0,0,0
0,0,0,0,0,0,0,0,0
0,0,0,0,0,0,0,0,0
0,0,0,0,0,0,0,0,0
0,0,0,0,0,0,0,0,0
0,0,0,0,0,0,0,0,0
0,0,0,0,0,0,0,0,0
0,0,0,0,0,0,0,0,0
0,0,0,0,0,0,0,0,0
0,0,0,0,0,0,0,0,0
0,0,0,0,0,0,0,0,0
0,0,0,0,0,0,0,0,0
485,114,371,16411,2904,13507,178,44,134
0,0,0,0,0,0,0,0,0
0,0,0,0,0,0,0,0,0
0,0,0,0,0,0,0,0,0
0,0,0,0,0,0,0,0,0
417,414,3,14817,14789,28,190,189,1
63,66,3,5610,5668,58,39,39,0
0,0,0,0,0,0,0,0,0
19,8,11,1311,632,679,12,4,8
0,0,0,0,0,0,0,0,0
0,0,0,0,0,0,0,0,0
0,0,0,0,0,0,0,0,0
0,0,0,0,0,0,0,0,0
683,694,11,21219,21378,159,283,283,0
53,55,2,1366,1383,17,14,14,0
319,319,0,7246,7258,12,97,97,0
0,0,0,0,0,0,0,0,0
0,0,0,0,0,0,0,0,0
0,0,0,0,0,0,0,0,0
0,0,0,0,0,0,0,0,0
0,0,0,0,0,0,0,0,0
0,0,0,0,0,0,0,0,0
0,0,0,0,0,0,0,0,0
0,0,0,0,0,0,0,0,0
34,34,0,1597,1639,42,21,21,0
0,0,0,0,0,0,0,0,0
0,0,0,0,0,0,0,0,0
0,0,0,0,0,0,0,0,0
0,0,0,0,0,0,0,0,0
396,393,3,21133,20546,587,227,226,1
102,101,1,3183,3149,34,35,34,1
0,0,0,0,0,0,0,0,0
0,0,0,0,0,0,0,0,0
0,0,0,0,0,0,0,0,0
0,0,0,0,0,0,0,0,0
0,0,0,0,0,0,0,0,0
0,0,0,0,0,0,0,0,0
0,0,0,0,0,0,0,0,0
0,0,0,0,0,0,0,0,0
0,0,0,0,0,0,0,0,0
0,0,0,0,0,0,0,0,0
0,0,0,0,0,0,0,0,0
0,0,0,0,0,0,0,0,0
0,0,0,0,0,0,0,0,0
331,323,8,8202,7627,575,109,101,8
0,0,0,0,0,0,0,0,0
0,0,0,0,0,0,0,0,0
0,16,16,0,543,543,0,10,10
305,305,0,9018,9018,0,282,282,0
0,0,0,0,0,0,0,0,0
14,14,0,670,645,25,6,6,0
635,648,13,16435,16569,134,172,172,0
141,142,1,4006,4007,1,73,73,0
119,120,1,2926,2942,16,32,32,0
89,89,0,2180,2180,0,24,24,0
141,141,0,4007,4006,1,73,73,0
140,141,1,3996,4007,11,73,73,0
8218,6174,2044,314775,248766,66009,4095,3094,1001
69,69,0,1551,1583,32,33,33,0
1031,1031,0,23989,24024,35,362,362,0
496,498,2,11546,11600,54,205,205,0
39,39,0,1296,1307,11,12,12,0
7076,7161,85,295316,298914,3598,3514,3530,16
12780,12778,2,543693,543758,65,6738,6736,2
55,0,55,1539,0,1539,26,0,26
84,77,7,4496,4089,407,50,43,7
253,253,0,5655,5643,12,84,84,0
412,399,13,15109,14669,440,166,157,9
566,503,63,25235,19622,5613,249,210,39
316,0,316,11374,0,11374,123,0,123
762,0,762,38876,0,38876,449,0,449
415,0,415,11494,0,11494,207,0,207
1296,1298,2,45360,45216,144,698,698,0
769,767,2,30824,30819,5,430,429,1
0,0,0,0,0,0,0,0,0
0,0,0,0,0,0,0,0,0
244,223,21,7655,6385,1270,65,54,11
32,23,9,1325,927,398,14,13,1
25,22,3,881,784,97,7,6,1
93,116,23,2652,3630,978,37,41,4
93,93,0,2660,2652,8,37,37,0
3,0,3,1056,0,1056,3,0,3
1,1,0,799,799,0,1,1,0
0,0,0,0,0,0,0,0,0
3,3,0,1056,1056,0,3,3,0
4,1,3,802,799,3,1,1,0
15,12,3,363,328,35,5,5,0
0,0,0,0,0,0,0,0,0
1308,573,735,39103,17264,21839,615,296,319
642,648,6,32584,32754,170,309,311,2
597,596,1,13935,13926,9,236,235,1
366,366,0,13308,13308,0,131,131,0
0,0,0,0,0,0,0,0,0
60,13,47,2523,658,1865,29,5,24
0,0,0,0,0,0,0,0,0
0,0,0,0,0,0,0,0,0
974,971,3,34861,34619,242,609,609,0
55,55,0,1537,1539,2,26,26,0
55,55,0,1543,1537,6,26,26,0
55,55,0,1543,1543,0,26,26,0
0,0,0,0,0,0,0,0,0
0,0,0,0,0,0,0,0,0
0,0,0,0,0,0,0,0,0
0,0,0,0,0,0,0,0,0
0,0,0,0,0,0,0,0,0
0,0,0,0,0,0,0,0,0
0,0,0,0,0,0,0,0,0
0,0,0,0,0,0,0,0,0
0,0,0,0,0,0,0,0,0
0,0,0,0,0,0,0,0,0
0,0,0,0,0,0,0,0,0
373,368,5,14394,13979,415,157,154,3
442,383,59,14936,13022,1914,115,98,17
675,676,1,15811,15644,167,218,220,2
154,153,1,3469,3258,211,24,23,1
154,154,0,3469,3469,0,24,24,0
896,896,0,25565,25562,3,304,304,0
2260,2106,154,66228,61676,4552,951,892,59
896,837,59,25565,23270,2295,304,288,16
0,0,0,0,0,0,0,0,0
0,0,0,0,0,0,0,0,0
0,0,0,0,0,0,0,0,0
0,0,0,0,0,0,0,0,0
0,0,0,0,0,0,0,0,0
341,341,0,8468,8453,15,88,88,0
0,0,0,0,0,0,0,0,0
0,0,0,0,0,0,0,0,0
0,0,0,0,0,0,0,0,0
544,454,90,17901,10246,7655,265,190,75
0,0,0,0,0,0,0,0,0
0,0,0,0,0,0,0,0,0
0,0,0,0,0,0,0,0,0
0,0,0,0,0,0,0,0,0
202,201,1,6875,6785,90,111,110,1
350,85,265,13110,6956,6154,138,52,86
0,0,0,0,0,0,0,0,0
0,0,0,0,0,0,0,0,0
2,0,2,114,0,114,1,0,1
0,0,0,0,0,0,0,0,0
0,0,0,0,0,0,0,0,0
0,0,0,0,0,0,0,0,0
0,0,0,0,0,0,0,0,0
11,0,11,443,0,443,11,0,11
0,0,0,0,0,0,0,0,0
102,34,68,5483,1385,4098,60,17,43
0,0,0,0,0,0,0,0,0
0,0,0,0,0,0,0,0,0
0,0,0,0,0,0,0,0,0
0,0,0,0,0,0,0,0,0
0,0,0,0,0,0,0,0,0
0,0,0,0,0,0,0,0,0
0,0,0,0,0,0,0,0,0
358,355,3,10274,10108,166,96,94,2
0,0,0,0,0,0,0,0,0
0,0,0,0,0,0,0,0,0
584,91,493,13753,2250,11503,228,18,210
0,0,0,0,0,0,0,0,0
0,0,0,0,0,0,0,0,0
0,0,0,0,0,0,0,0,0
0,0,0,0,0,0,0,0,0
0,0,0,0,0,0,0,0,0
0,0,0,0,0,0,0,0,0
537,537,0,18260,18281,21,318,318,0
0,0,0,0,0,0,0,0,0
0,0,0,0,0,0,0,0,0
0,0,0,0,0,0,0,0,0
0,0,0,0,0,0,0,0,0
0,0,0,0,0,0,0,0,0
0,0,0,0,0,0,0,0,0
0,0,0,0,0,0,0,0,0
0,0,0,0,0,0,0,0,0
0,0,0,0,0,0,0,0,0
0,0,0,0,0,0,0,0,0
0,0,0,0,0,0,0,0,0
0,0,0,0,0,0,0,0,0
0,0,0,0,0,0,0,0,0
0,0,0,0,0,0,0,0,0
0,0,0,0,0,0,0,0,0
0,0,0,0,0,0,0,0,0
0,0,0,0,0,0,0,0,0
0,0,0,0,0,0,0,0,0
0,0,0,0,0,0,0,0,0
63,63,0,6646,6646,0,58,58,0
22,22,0,5292,5286,6,17,17,0
351,350,1,13149,13110,39,138,138,0
466,466,0,10599,10621,22,196,196,0
35,35,0,1205,1207,2,9,9,0
0,0,0,0,0,0,0,0,0
0,0,0,0,0,0,0,0,0
0,0,0,0,0,0,0,0,0
0,0,0,0,0,0,0,0,0
0,0,0,0,0,0,0,0,0
0,0,0,0,0,0,0,0,0
0,0,0,0,0,0,0,0,0
0,0,0,0,0,0,0,0,0
0,0,0,0,0,0,0,0,0
0,0,0,0,0,0,0,0,0
0,0,0,0,0,0,0,0,0
0,0,0,0,0,0,0,0,0
0,0,0,0,0,0,0,0,0
0,0,0,0,0,0,0,0,0
0,0,0,0,0,0,0,0,0
0,0,0,0,0,0,0,0,0
0,0,0,0,0,0,0,0,0
0,0,0,0,0,0,0,0,0
0,0,0,0,0,0,0,0,0
0,0,0,0,0,0,0,0,0
0,0,0,0,0,0,0,0,0
0,0,0,0,0,0,0,0,0
0,0,0,0,0,0,0,0,0
0,0,0,0,0,0,0,0,0
0,0,0,0,0,0,0,0,0
0,0,0,0,0,0,0,0,0
0,0,0,0,0,0,0,0,0
0,0,0,0,0,0,0,0,0
0,0,0,0,0,0,0,0,0
0,0,0,0,0,0,0,0,0
0,0,0,0,0,0,0,0,0
0,0,0,0,0,0,0,0,0
0,0,0,0,0,0,0,0,0
0,0,0,0,0,0,0,0,0
0,0,0,0,0,0,0,0,0
0,0,0,0,0,0,0,0,0
0,0,0,0,0,0,0,0,0
0,0,0,0,0,0,0,0,0
0,0,0,0,0,0,0,0,0
0,0,0,0,0,0,0,0,0
0,0,0,0,0,0,0,0,0
0,0,0,0,0,0,0,0,0
0,0,0,0,0,0,0,0,0
0,0,0,0,0,0,0,0,0
0,0,0,0,0,0,0,0,0
0,0,0,0,0,0,0,0,0
0,0,0,0,0,0,0,0,0
0,0,0,0,0,0,0,0,0
0,0,0,0,0,0,0,0,0
0,0,0,0,0,0,0,0,0
0,0,0,0,0,0,0,0,0
0,0,0,0,0,0,0,0,0
0,0,0,0,0,0,0,0,0
0,0,0,0,0,0,0,0,0
0,0,0,0,0,0,0,0,0
0,0,0,0,0,0,0,0,0
0,0,0,0,0,0,0,0,0
0,0,0,0,0,0,0,0,0
0,0,0,0,0,0,0,0,0
0,0,0,0,0,0,0,0,0
0,0,0,0,0,0,0,0,0
0,0,0,0,0,0,0,0,0
0,0,0,0,0,0,0,0,0
476,471,5,16504,16297,207,173,170,3
0,0,0,0,0,0,0,0,0
0,0,0,0,0,0,0,0,0
0,0,0,0,0,0,0,0,0
0,0,0,0,0,0,0,0,0
0,0,0,0,0,0,0,0,0
0,0,0,0,0,0,0,0,0
0,0,0,0,0,0,0,0,0
0,0,0,0,0,0,0,0,0
0,0,0,0,0,0,0,0,0
0,0,0,0,0,0,0,0,0
0,0,0,0,0,0,0,0,0
0,0,0,0,0,0,0,0,0
0,0,0,0,0,0,0,0,0
0,0,0,0,0,0,0,0,0
0,0,0,0,0,0,0,0,0
0,0,0,0,0,0,0,0,0
0,0,0,0,0,0,0,0,0
0,0,0,0,0,0,0,0,0
0,0,0,0,0,0,0,0,0
0,0,0,0,0,0,0,0,0
0,0,0,0,0,0,0,0,0
0,0,0,0,0,0,0,0,0
0,0,0,0,0,0,0,0,0
0,0,0,0,0,0,0,0,0
0,0,0,0,0,0,0,0,0
189,159,30,10555,5558,4997,55,29,26
0,0,0,0,0,0,0,0,0
0,0,0,0,0,0,0,0,0
0,0,0,0,0,0,0,0,0
0,0,0,0,0,0,0,0,0
32,21,11,2040,1754,286,17,11,6
0,0,0,0,0,0,0,0,0
267,267,0,6181,6181,0,88,88,0
0,0,0,0,0,0,0,0,0
0,0,0,0,0,0,0,0,0
724,682,42,20804,19769,1035,268,247,21
0,0,0,0,0,0,0,0,0
0,0,0,0,0,0,0,0,0
0,0,0,0,0,0,0,0,0
42,6,36,1654,347,1307,13,4,9
506,466,40,13501,10599,2902,235,196,39
331,245,86,12122,7980,4142,145,105,40
42,42,0,1632,1654,22,13,13,0
0,0,0,0,0,0,0,0,0
0,0,0,0,0,0,0,0,0
0,0,0,0,0,0,0,0,0
0,0,0,0,0,0,0,0,0
0,0,0,0,0,0,0,0,0
0,0,0,0,0,0,0,0,0
0,0,0,0,0,0,0,0,0
0,0,0,0,0,0,0,0,0
0,0,0,0,0,0,0,0,0
0,0,0,0,0,0,0,0,0
0,0,0,0,0,0,0,0,0
0,0,0,0,0,0,0,0,0
0,0,0,0,0,0,0,0,0
0,0,0,0,0,0,0,0,0
0,0,0,0,0,0,0,0,0
0,0,0,0,0,0,0,0,0
0,0,0,0,0,0,0,0,0
0,0,0,0,0,0,0,0,0
0,0,0,0,0,0,0,0,0
0,0,0,0,0,0,0,0,0
0,0,0,0,0,0,0,0,0
0,0,0,0,0,0,0,0,0
0,0,0,0,0,0,0,0,0
0,0,0,0,0,0,0,0,0
0,0,0,0,0,0,0,0,0
0,0,0,0,0,0,0,0,0
0,0,0,0,0,0,0,0,0
0,0,0,0,0,0,0,0,0
0,0,0,0,0,0,0,0,0
47,0,47,9937,0,9937,44,0,44
0,0,0,0,0,0,0,0,0
0,0,0,0,0,0,0,0,0
0,0,0,0,0,0,0,0,0
0,0,0,0,0,0,0,0,0
0,0,0,0,0,0,0,0,0
0,0,0,0,0,0,0,0,0
0,0,0,0,0,0,0,0,0
0,0,0,0,0,0,0,0,0
0,0,0,0,0,0,0,0,0
0,0,0,0,0,0,0,0,0
129,126,3,3897,3479,418,64,61,3
0,0,0,0,0,0,0,0,0
0,0,0,0,0,0,0,0,0
0,0,0,0,0,0,0,0,0
0,0,0,0,0,0,0,0,0
0,0,0,0,0,0,0,0,0
0,0,0,0,0,0,0,0,0
110,25,85,4039,2078,1961,69,23,46
0,0,0,0,0,0,0,0,0
0,0,0,0,0,0,0,0,0
0,0,0,0,0,0,0,0,0
0,0,0,0,0,0,0,0,0
0,0,0,0,0,0,0,0,0
0,0,0,0,0,0,0,0,0
0,0,0,0,0,0,0,0,0
0,0,0,0,0,0,0,0,0
0,0,0,0,0,0,0,0,0
0,0,0,0,0,0,0,0,0
0,0,0,0,0,0,0,0,0
0,0,0,0,0,0,0,0,0
0,0,0,0,0,0,0,0,0
0,0,0,0,0,0,0,0,0
0,0,0,0,0,0,0,0,0
0,0,0,0,0,0,0,0,0
0,0,0,0,0,0,0,0,0
0,0,0,0,0,0,0,0,0
127,126,1,3491,3483,8,61,61,0
0,0,0,0,0,0,0,0,0
0,0,0,0,0,0,0,0,0
0,0,0,0,0,0,0,0,0
0,0,0,0,0,0,0,0,0
0,0,0,0,0,0,0,0,0
0,0,0,0,0,0,0,0,0
0,0,0,0,0,0,0,0,0
0,0,0,0,0,0,0,0,0
0,0,0,0,0,0,0,0,0
0,0,0,0,0,0,0,0,0
0,0,0,0,0,0,0,0,0
0,0,0,0,0,0,0,0,0
0,0,0,0,0,0,0,0,0
0,0,0,0,0,0,0,0,0
0,0,0,0,0,0,0,0,0
0,0,0,0,0,0,0,0,0
0,0,0,0,0,0,0,0,0
0,0,0,0,0,0,0,0,0
0,0,0,0,0,0,0,0,0
0,0,0,0,0,0,0,0,0
0,0,0,0,0,0,0,0,0
0,0,0,0,0,0,0,0,0
0,0,0,0,0,0,0,0,0
0,0,0,0,0,0,0,0,0
0,0,0,0,0,0,0,0,0
0,0,0,0,0,0,0,0,0
0,0,0,0,0,0,0,0,0
0,0,0,0,0,0,0,0,0
0,0,0,0,0,0,0,0,0
0,0,0,0,0,0,0,0,0
0,0,0,0,0,0,0,0,0
0,0,0,0,0,0,0,0,0
0,0,0,0,0,0,0,0,0
0,0,0,0,0,0,0,0,0
0,0,0,0,0,0,0,0,0
0,0,0,0,0,0,0,0,0
0,0,0,0,0,0,0,0,0
0,0,0,0,0,0,0,0,0
155,113,42,4580,3231,1349,78,59,19
0,0,0,0,0,0,0,0,0
0,0,0,0,0,0,0,0,0
0,0,0,0,0,0,0,0,0
0,0,0,0,0,0,0,0,0
0,0,0,0,0,0,0,0,0
0,0,0,0,0,0,0,0,0
0,0,0,0,0,0,0,0,0
0,0,0,0,0,0,0,0,0
4,0,4,643,0,643,4,0,4
0,0,0,0,0,0,0,0,0
0,0,0,0,0,0,0,0,0
0,0,0,0,0,0,0,0,0
0,0,0,0,0,0,0,0,0
0,0,0,0,0,0,0,0,0
0,0,0,0,0,0,0,0,0
0,0,0,0,0,0,0,0,0
0,0,0,0,0,0,0,0,0
0,0,0,0,0,0,0,0,0
0,0,0,0,0,0,0,0,0
0,0,0,0,0,0,0,0,0
0,0,0,0,0,0,0,0,0
0,0,0,0,0,0,0,0,0
0,0,0,0,0,0,0,0,0
0,0,0,0,0,0,0,0,0
0,0,0,0,0,0,0,0,0
0,0,0,0,0,0,0,0,0
0,0,0,0,0,0,0,0,0
0,0,0,0,0,0,0,0,0
0,0,0,0,0,0,0,0,0
0,0,0,0,0,0,0,0,0
0,0,0,0,0,0,0,0,0
0,0,0,0,0,0,0,0,0
0,0,0,0,0,0,0,0,0
0,0,0,0,0,0,0,0,0
0,0,0,0,0,0,0,0,0
0,0,0,0,0,0,0,0,0
0,0,0,0,0,0,0,0,0
0,0,0,0,0,0,0,0,0
0,0,0,0,0,0,0,0,0
0,0,0,0,0,0,0,0,0
355,120,235,9947,3159,6788,91,32,59
0,0,0,0,0,0,0,0,0
0,0,0,0,0,0,0,0,0
2,2,0,168,168,0,1,1,0
0,0,0,0,0,0,0,0,0
0,0,0,0,0,0,0,0,0
0,0,0,0,0,0,0,0,0
0,0,0,0,0,0,0,0,0
0,0,0,0,0,0,0,0,0
0,0,0,0,0,0,0,0,0
0,0,0,0,0,0,0,0,0
512,466,46,13784,10606,3178,238,196,42
0,0,0,0,0,0,0,0,0
0,0,0,0,0,0,0,0,0
0,0,0,0,0,0,0,0,0
0,0,0,0,0,0,0,0,0
0,0,0,0,0,0,0,0,0
0,0,0,0,0,0,0,0,0
0,0,0,0,0,0,0,0,0
0,0,0,0,0,0,0,0,0
0,0,0,0,0,0,0,0,0
0,0,0,0,0,0,0,0,0
0,0,0,0,0,0,0,0,0
0,0,0,0,0,0,0,0,0
0,0,0,0,0,0,0,0,0
0,0,0,0,0,0,0,0,0
0,0,0,0,0,0,0,0,0
0,0,0,0,0,0,0,0,0
11,9,2,644,578,66,4,3,1
0,0,0,0,0,0,0,0,0
0,0,0,0,0,0,0,0,0
136,112,24,3795,2909,886,58,44,14
0,0,0,0,0,0,0,0,0
0,0,0,0,0,0,0,0,0
581,9,572,20754,279,20475,342,6,336
0,0,0,0,0,0,0,0,0
0,0,0,0,0,0,0,0,0
0,0,0,0,0,0,0,0,0
0,0,0,0,0,0,0,0,0
0,0,0,0,0,0,0,0,0
0,0,0,0,0,0,0,0,0
0,0,0,0,0,0,0,0,0
0,0,0,0,0,0,0,0,0
0,0,0,0,0,0,0,0,0
0,0,0,0,0,0,0,0,0
0,0,0,0,0,0,0,0,0
0,0,0,0,0,0,0,0,0
77,78,1,6141,6085,56,44,45,1
16,16,0,1618,1618,0,11,11,0
0,0,0,0,0,0,0,0,0
0,0,0,0,0,0,0,0,0
0,0,0,0,0,0,0,0,0
0,0,0,0,0,0,0,0,0
0,0,0,0,0,0,0,0,0
0,0,0,0,0,0,0,0,0
83,84,1,2209,2213,4,25,25,0
0,0,0,0,0,0,0,0,0
0,0,0,0,0,0,0,0,0
0,0,0,0,0,0,0,0,0
0,0,0,0,0,0,0,0,0
0,0,0,0,0,0,0,0,0
0,0,0,0,0,0,0,0,0
