BeforeFilesDeps,AfterFilesDeps,ChangedFileDeps,BeforeCommitDeps,AfterCommitDeps,ChangedDeps,JavaFileNum,TotalChangedLines,FileAddNum,FileDeleteNum,FileChangedNum,CommitComplexity,LastCommitComplexity,changedComplexity,CommitTokenCount,LastCommitTokenCount,changedToken,CommitMethodNum,LastCommitMethodNum,ChangedMethodNum,A2A,Tag
0,0,0,320,320,0,0,0,0,0,0,0,0,0,0,0,0,0,0,0,100,NoArchChanged
0,0,0,320,320,0,0,0,0,0,0,0,0,0,0,0,0,0,0,0,100,NoArchChanged
0,0,0,320,320,0,0,0,0,0,0,0,0,0,0,0,0,0,0,0,100,NoArchChanged
33,44,11,1276,1308,32,4,51,0,0,0,106,95,11,3294,2991,303,30,26,4,93.77682403,ArchChanged
0,0,0,328,328,0,0,0,0,0,0,0,0,0,0,0,0,0,0,0,100,NoArchChanged
18,18,0,327,327,0,1,0,0,0,0,129,129,0,2864,2863,1,30,30,0,100,NoArchChanged
160,257,97,7848,8856,1008,24,378,10,4,14,793,733,60,23546,23257,289,310,278,32,93.46642468,ArchChanged
803,787,16,22509,21960,549,61,66,0,0,0,1517,1517,0,44391,44397,6,660,660,0,92.90187891,ArchChanged
0,0,0,361,361,0,0,0,0,0,0,0,0,0,0,0,0,0,0,0,100,NoArchChanged
98,103,5,5400,5445,45,15,24,1,3,4,334,336,2,15831,15966,135,132,135,3,97.59358289,ArchChanged
0,0,0,364,364,0,0,0,0,0,0,0,0,0,0,0,0,0,0,0,100,NoArchChanged
148,208,60,4356,4764,408,12,641,6,0,6,138,82,56,7688,5144,2544,85,47,38,96.40102828,ArchChanged
0,0,0,398,398,0,0,0,0,0,0,0,0,0,0,0,0,0,0,0,100,NoArchChanged
56,56,0,3176,3176,0,8,9,0,0,0,45,45,0,1651,1651,0,35,35,0,100,NoArchChanged
4,4,0,397,397,0,1,11,0,0,0,72,66,6,1882,1820,62,16,15,1,100,NoArchChanged
109,109,0,2382,2382,0,6,23,0,0,0,435,438,3,11982,11818,164,194,199,5,100,NoArchChanged
34,49,15,2382,2448,66,6,229,3,0,3,111,90,21,3720,2604,1116,66,49,17,93.99538106,ArchChanged
6,12,6,816,826,10,2,168,1,0,1,92,88,4,3682,2734,948,37,33,4,98.72881356,NoArchChanged
83,90,7,1239,1260,21,3,85,1,0,1,57,51,6,1808,1427,381,32,30,2,99.59016393,NoArchChanged
0,0,0,421,421,0,0,0,0,0,0,0,0,0,0,0,0,0,0,0,100,NoArchChanged
0,0,0,421,421,0,0,0,0,0,0,0,0,0,0,0,0,0,0,0,100,NoArchChanged
4,4,0,420,420,0,1,7,0,0,0,75,72,3,1964,1882,82,16,16,0,100,NoArchChanged
3,3,0,840,840,0,2,28,0,0,0,12,12,0,238,238,0,10,10,0,100,NoArchChanged
89,89,0,3360,3360,0,8,163,0,0,0,167,146,21,6056,5124,932,71,54,17,100,NoArchChanged
76,76,0,840,840,0,2,3,0,0,0,267,265,2,6445,6416,29,131,131,0,100,NoArchChanged
0,0,0,421,421,0,0,0,0,0,0,0,0,0,0,0,0,0,0,0,100,NoArchChanged
0,12,12,840,862,22,2,350,2,0,2,74,0,74,2409,0,2409,23,0,23,96.7462039,ArchChanged
234,269,35,9913,10327,414,23,243,2,0,2,725,685,40,21578,20064,1514,254,232,22,98.39449541,NoArchChanged
0,0,0,450,450,0,0,0,0,0,0,0,0,0,0,0,0,0,0,0,100,NoArchChanged
106,109,3,2245,2260,15,5,43,0,0,0,434,430,4,10975,10655,320,178,171,7,100,NoArchChanged
0,0,0,453,453,0,0,0,0,0,0,0,0,0,0,0,0,0,0,0,100,NoArchChanged
7,7,0,904,904,0,2,34,0,0,0,12,12,0,708,708,0,9,9,0,100,NoArchChanged
0,0,0,453,453,0,0,0,0,0,0,0,0,0,0,0,0,0,0,0,100,NoArchChanged
0,0,0,453,453,0,0,0,0,0,0,0,0,0,0,0,0,0,0,0,100,NoArchChanged
0,0,0,453,453,0,0,0,0,0,0,0,0,0,0,0,0,0,0,0,100,NoArchChanged
0,0,0,453,453,0,0,0,0,0,0,0,0,0,0,0,0,0,0,0,100,NoArchChanged
0,0,0,453,453,0,0,0,0,0,0,0,0,0,0,0,0,0,0,0,100,NoArchChanged
1117,787,330,43844,30943,12901,97,2508,7,26,33,1873,2176,303,62115,73068,10953,793,952,159,79.76470588,ArchChanged
0,0,0,453,453,0,0,0,0,0,0,0,0,0,0,0,0,0,0,0,100,NoArchChanged
0,0,0,453,453,0,0,0,0,0,0,0,0,0,0,0,0,0,0,0,100,NoArchChanged
0,0,0,453,453,0,0,0,0,0,0,0,0,0,0,0,0,0,0,0,100,NoArchChanged
171,201,30,5424,5604,180,12,221,4,0,4,142,128,14,6692,5884,808,81,70,11,94.9339207,ArchChanged
19,19,0,467,467,0,1,12,0,0,0,150,146,4,3067,2984,83,40,39,1,100,NoArchChanged
0,0,0,468,468,0,0,0,0,0,0,0,0,0,0,0,0,0,0,0,100,NoArchChanged
20,20,0,467,467,0,1,3,0,0,0,130,129,1,2892,2873,19,31,30,1,100,NoArchChanged
56,56,0,2335,2335,0,5,20,0,0,0,147,144,3,5573,5488,85,95,94,1,100,NoArchChanged
0,0,0,468,468,0,0,0,0,0,0,0,0,0,0,0,0,0,0,0,100,NoArchChanged
389,421,32,11675,12125,450,25,222,2,0,2,731,683,48,24858,23713,1145,338,318,20,94.9044586,ArchChanged
18,18,0,970,970,0,2,7,0,0,0,106,104,2,3075,3028,47,32,30,2,100,NoArchChanged
0,0,0,486,486,0,0,0,0,0,0,0,0,0,0,0,0,0,0,0,100,NoArchChanged
9,9,0,485,485,0,1,58,0,0,0,17,9,8,1309,1019,290,12,6,6,100,NoArchChanged
0,0,0,486,486,0,0,0,0,0,0,0,0,0,0,0,0,0,0,0,100,NoArchChanged
0,14,14,1455,1488,33,3,233,3,0,3,23,0,23,1143,0,1143,14,0,14,98.54469854,NoArchChanged
15,12,3,1488,1476,12,3,29,1,1,2,25,28,3,1254,1443,189,17,15,2,96.57794677,ArchChanged
0,0,0,493,493,0,0,0,0,0,0,0,0,0,0,0,0,0,0,0,100,NoArchChanged
0,0,0,493,493,0,0,0,0,0,0,0,0,0,0,0,0,0,0,0,100,NoArchChanged
18,20,2,1476,1479,3,3,39,1,0,1,62,59,3,2451,2305,146,34,34,0,77.59433962,ArchChanged
0,0,0,494,494,0,0,0,0,0,0,0,0,0,0,0,0,0,0,0,100,NoArchChanged
0,0,0,494,494,0,0,0,0,0,0,0,0,0,0,0,0,0,0,0,100,NoArchChanged
6,6,0,493,493,0,1,1,0,0,0,89,89,0,1993,1986,7,17,17,0,100,NoArchChanged
10,14,4,1479,1488,9,3,41,1,0,1,24,22,2,1051,976,75,15,13,2,76.04938272,ArchChanged
40,40,0,1488,1488,0,3,3,0,0,0,154,154,0,3147,3147,0,44,44,0,100,NoArchChanged
0,0,0,497,497,0,0,0,0,0,0,0,0,0,0,0,0,0,0,0,100,NoArchChanged
0,0,0,497,497,0,0,0,0,0,0,0,0,0,0,0,0,0,0,0,100,NoArchChanged
0,0,0,497,497,0,0,0,0,0,0,0,0,0,0,0,0,0,0,0,100,NoArchChanged
673,841,168,25792,43108,17316,52,831,1,12,13,1245,1350,105,40639,44298,3659,568,628,60,91.09730849,ArchChanged
0,0,0,767,767,0,0,0,0,0,0,0,0,0,0,0,0,0,0,0,100,NoArchChanged
0,0,0,767,767,0,0,0,0,0,0,0,0,0,0,0,0,0,0,0,100,NoArchChanged
0,85,85,9958,10777,819,13,1089,13,0,13,104,0,104,5198,0,5198,64,0,64,95.67147614,ArchChanged
0,0,0,830,830,0,0,0,0,0,0,0,0,0,0,0,0,0,0,0,100,NoArchChanged
0,0,0,830,830,0,0,0,0,0,0,0,0,0,0,0,0,0,0,0,100,NoArchChanged
0,0,0,830,830,0,0,0,0,0,0,0,0,0,0,0,0,0,0,0,100,NoArchChanged
0,0,0,830,830,0,0,0,0,0,0,0,0,0,0,0,0,0,0,0,100,NoArchChanged
0,0,0,830,830,0,0,0,0,0,0,0,0,0,0,0,0,0,0,0,100,NoArchChanged
0,0,0,830,830,0,0,0,0,0,0,0,0,0,0,0,0,0,0,0,100,NoArchChanged
0,0,0,830,830,0,0,0,0,0,0,0,0,0,0,0,0,0,0,0,100,NoArchChanged
0,0,0,830,830,0,0,0,0,0,0,0,0,0,0,0,0,0,0,0,100,NoArchChanged
0,0,0,830,830,0,0,0,0,0,0,0,0,0,0,0,0,0,0,0,100,NoArchChanged
0,0,0,830,830,0,0,0,0,0,0,0,0,0,0,0,0,0,0,0,100,NoArchChanged
0,0,0,830,830,0,0,0,0,0,0,0,0,0,0,0,0,0,0,0,100,NoArchChanged
0,0,0,830,830,0,0,0,0,0,0,0,0,0,0,0,0,0,0,0,100,NoArchChanged
0,0,0,830,830,0,0,0,0,0,0,0,0,0,0,0,0,0,0,0,100,NoArchChanged
0,0,0,830,830,0,0,0,0,0,0,0,0,0,0,0,0,0,0,0,100,NoArchChanged
0,0,0,830,830,0,0,0,0,0,0,0,0,0,0,0,0,0,0,0,100,NoArchChanged
0,0,0,830,830,0,0,0,0,0,0,0,0,0,0,0,0,0,0,0,100,NoArchChanged
0,0,0,830,830,0,0,0,0,0,0,0,0,0,0,0,0,0,0,0,100,NoArchChanged
0,0,0,830,830,0,0,0,0,0,0,0,0,0,0,0,0,0,0,0,100,NoArchChanged
0,0,0,830,830,0,0,0,0,0,0,0,0,0,0,0,0,0,0,0,100,NoArchChanged
0,0,0,830,830,0,0,0,0,0,0,0,0,0,0,0,0,0,0,0,100,NoArchChanged
56,56,0,2487,2487,0,3,32,0,0,0,116,115,1,3686,3602,84,46,45,1,100,NoArchChanged
14,14,0,1658,1658,0,2,16,0,0,0,18,18,0,1047,985,62,10,10,0,100,NoArchChanged
23,23,0,829,829,0,1,3,0,0,0,48,48,0,1818,1839,21,29,29,0,100,NoArchChanged
0,0,0,830,830,0,0,0,0,0,0,0,0,0,0,0,0,0,0,0,100,NoArchChanged
0,0,0,830,830,0,0,0,0,0,0,0,0,0,0,0,0,0,0,0,100,NoArchChanged
0,0,0,830,830,0,0,0,0,0,0,0,0,0,0,0,0,0,0,0,100,NoArchChanged
0,0,0,830,830,0,0,0,0,0,0,0,0,0,0,0,0,0,0,0,100,NoArchChanged
0,0,0,830,830,0,0,0,0,0,0,0,0,0,0,0,0,0,0,0,100,NoArchChanged
0,0,0,830,830,0,0,0,0,0,0,0,0,0,0,0,0,0,0,0,100,NoArchChanged
0,0,0,830,830,0,0,0,0,0,0,0,0,0,0,0,0,0,0,0,100,NoArchChanged
0,0,0,830,830,0,0,0,0,0,0,0,0,0,0,0,0,0,0,0,100,NoArchChanged
164,75,89,14093,13022,1071,17,1134,0,13,13,163,268,105,5441,10764,5323,74,139,65,95.67147614,ArchChanged
113,207,94,15320,16600,1280,20,1165,13,0,13,448,338,110,14747,9231,5516,196,129,67,95.33851276,ArchChanged
31,31,0,1660,1660,0,2,15,0,0,0,179,177,2,6665,6583,82,72,71,1,100,NoArchChanged
337,344,7,16600,16660,60,20,204,0,0,0,404,343,61,15295,14254,1041,186,164,22,100,NoArchChanged
0,0,0,834,834,0,0,0,0,0,0,0,0,0,0,0,0,0,0,0,100,NoArchChanged
582,481,101,34986,32172,2814,42,1384,0,13,13,858,1031,173,30068,36707,6639,364,454,90,95.33851276,ArchChanged
0,0,0,767,767,0,0,0,0,0,0,0,0,0,0,0,0,0,0,0,100,NoArchChanged
481,582,101,32172,34986,2814,42,1384,13,0,13,1031,858,173,36707,30068,6639,454,364,90,95.33851276,ArchChanged
0,0,0,834,834,0,0,0,0,0,0,0,0,0,0,0,0,0,0,0,100,NoArchChanged
0,0,0,834,834,0,0,0,0,0,0,0,0,0,0,0,0,0,0,0,100,NoArchChanged
0,0,0,834,834,0,0,0,0,0,0,0,0,0,0,0,0,0,0,0,100,NoArchChanged
0,0,0,834,834,0,0,0,0,0,0,0,0,0,0,0,0,0,0,0,100,NoArchChanged
0,0,0,834,834,0,0,0,0,0,0,0,0,0,0,0,0,0,0,0,100,NoArchChanged
582,481,101,34986,32172,2814,42,1384,0,13,13,858,1031,173,30068,36707,6639,364,454,90,95.33851276,ArchChanged
481,582,101,32172,34986,2814,42,1384,13,0,13,1031,858,173,36707,30068,6639,454,364,90,95.33851276,ArchChanged
0,0,0,834,834,0,0,0,0,0,0,0,0,0,0,0,0,0,0,0,100,NoArchChanged
0,0,0,834,834,0,0,0,0,0,0,0,0,0,0,0,0,0,0,0,100,NoArchChanged
0,0,0,834,834,0,0,0,0,0,0,0,0,0,0,0,0,0,0,0,100,NoArchChanged
582,481,101,34986,32172,2814,42,1384,0,13,13,858,1031,173,30068,36707,6639,364,454,90,95.33851276,ArchChanged
0,0,0,767,767,0,0,0,0,0,0,0,0,0,0,0,0,0,0,0,100,NoArchChanged
0,0,0,767,767,0,0,0,0,0,0,0,0,0,0,0,0,0,0,0,100,NoArchChanged
0,0,0,767,767,0,0,0,0,0,0,0,0,0,0,0,0,0,0,0,100,NoArchChanged
0,0,0,767,767,0,0,0,0,0,0,0,0,0,0,0,0,0,0,0,100,NoArchChanged
0,0,0,767,767,0,0,0,0,0,0,0,0,0,0,0,0,0,0,0,100,NoArchChanged
0,0,0,767,767,0,0,0,0,0,0,0,0,0,0,0,0,0,0,0,100,NoArchChanged
54,54,0,2298,2298,0,3,32,0,0,0,116,115,1,3686,3602,84,46,45,1,100,NoArchChanged
427,526,99,29874,32487,2613,39,1352,13,0,13,915,743,172,33021,26466,6555,408,319,89,95.33851276,ArchChanged
503,406,97,31654,29108,2546,38,1355,0,13,13,695,867,172,24627,31203,6576,290,379,89,95.33851276,ArchChanged
406,503,97,29108,31654,2546,38,1355,13,0,13,867,695,172,31203,24627,6576,379,290,89,95.33851276,ArchChanged
472,375,97,29988,27576,2412,36,1340,0,13,13,518,688,170,18044,24538,6494,219,307,88,95.33851276,ArchChanged
375,472,97,27576,29988,2412,36,1340,13,0,13,688,518,170,24538,18044,6494,307,219,88,95.33851276,ArchChanged
472,375,97,29988,27576,2412,36,1340,0,13,13,518,688,170,18044,24538,6494,219,307,88,95.33851276,ArchChanged
375,472,97,27576,29988,2412,36,1340,13,0,13,688,518,170,24538,18044,6494,307,219,88,95.33851276,ArchChanged
472,375,97,29988,27576,2412,36,1340,0,13,13,518,688,170,18044,24538,6494,219,307,88,95.33851276,ArchChanged
375,472,97,27576,29988,2412,36,1340,13,0,13,688,518,170,24538,18044,6494,307,219,88,95.33851276,ArchChanged
472,375,97,29988,27576,2412,36,1340,0,13,13,518,688,170,18044,24538,6494,219,307,88,95.33851276,ArchChanged
0,0,0,767,767,0,0,0,0,0,0,0,0,0,0,0,0,0,0,0,100,NoArchChanged
0,0,0,767,767,0,0,0,0,0,0,0,0,0,0,0,0,0,0,0,100,NoArchChanged
0,0,0,767,767,0,0,0,0,0,0,0,0,0,0,0,0,0,0,0,100,NoArchChanged
0,0,0,767,767,0,0,0,0,0,0,0,0,0,0,0,0,0,0,0,100,NoArchChanged
0,0,0,767,767,0,0,0,0,0,0,0,0,0,0,0,0,0,0,0,100,NoArchChanged
0,0,0,767,767,0,0,0,0,0,0,0,0,0,0,0,0,0,0,0,100,NoArchChanged
0,0,0,767,767,0,0,0,0,0,0,0,0,0,0,0,0,0,0,0,100,NoArchChanged
0,0,0,767,767,0,0,0,0,0,0,0,0,0,0,0,0,0,0,0,100,NoArchChanged
0,0,0,767,767,0,0,0,0,0,0,0,0,0,0,0,0,0,0,0,100,NoArchChanged
0,0,0,767,767,0,0,0,0,0,0,0,0,0,0,0,0,0,0,0,100,NoArchChanged
0,0,0,767,767,0,0,0,0,0,0,0,0,0,0,0,0,0,0,0,100,NoArchChanged
0,0,0,767,767,0,0,0,0,0,0,0,0,0,0,0,0,0,0,0,100,NoArchChanged
0,0,0,767,767,0,0,0,0,0,0,0,0,0,0,0,0,0,0,0,100,NoArchChanged
0,0,0,767,767,0,0,0,0,0,0,0,0,0,0,0,0,0,0,0,100,NoArchChanged
0,0,0,767,767,0,0,0,0,0,0,0,0,0,0,0,0,0,0,0,100,NoArchChanged
375,472,97,27576,29988,2412,36,1340,13,0,13,688,518,170,24538,18044,6494,307,219,88,95.33851276,ArchChanged
472,375,97,29988,27576,2412,36,1340,0,13,13,518,688,170,18044,24538,6494,219,307,88,95.33851276,ArchChanged
0,0,0,767,767,0,0,0,0,0,0,0,0,0,0,0,0,0,0,0,100,NoArchChanged
375,472,97,27576,29988,2412,36,1340,13,0,13,688,518,170,24538,18044,6494,307,219,88,95.33851276,ArchChanged
472,375,97,29988,27576,2412,36,1340,0,13,13,518,688,170,18044,24538,6494,219,307,88,95.33851276,ArchChanged
0,0,0,767,767,0,0,0,0,0,0,0,0,0,0,0,0,0,0,0,100,NoArchChanged
375,472,97,27576,29988,2412,36,1340,13,0,13,688,518,170,24538,18044,6494,307,219,88,95.33851276,ArchChanged
472,375,97,29988,27576,2412,36,1340,0,13,13,518,688,170,18044,24538,6494,219,307,88,95.33851276,ArchChanged
2043,4104,2061,121028,244426,123398,158,24136,158,0,158,3246,0,3246,118102,0,118102,1575,0,1575,58.81826321,ArchChanged
4104,2043,2061,244426,121028,123398,158,24136,0,158,158,0,3246,3246,0,118102,118102,0,1575,1575,58.81826321,ArchChanged
0,0,0,767,767,0,0,0,0,0,0,0,0,0,0,0,0,0,0,0,100,NoArchChanged
0,0,0,767,767,0,0,0,0,0,0,0,0,0,0,0,0,0,0,0,100,NoArchChanged
375,472,97,27576,29988,2412,36,1340,13,0,13,688,518,170,24538,18044,6494,307,219,88,95.33851276,ArchChanged
0,0,0,834,834,0,0,0,0,0,0,0,0,0,0,0,0,0,0,0,100,NoArchChanged
472,375,97,29988,27576,2412,36,1340,0,13,13,518,688,170,18044,24538,6494,219,307,88,95.33851276,ArchChanged
375,472,97,27576,29988,2412,36,1340,13,0,13,688,518,170,24538,18044,6494,307,219,88,95.33851276,ArchChanged
0,0,0,834,834,0,0,0,0,0,0,0,0,0,0,0,0,0,0,0,100,NoArchChanged
0,0,0,834,834,0,0,0,0,0,0,0,0,0,0,0,0,0,0,0,100,NoArchChanged
0,0,0,834,834,0,0,0,0,0,0,0,0,0,0,0,0,0,0,0,100,NoArchChanged
0,0,0,834,834,0,0,0,0,0,0,0,0,0,0,0,0,0,0,0,100,NoArchChanged
204,323,119,24157,26361,2204,29,1566,15,0,15,624,437,187,21704,14058,7646,285,184,101,88.83034773,ArchChanged
18,20,2,2727,2733,6,3,140,1,0,1,30,16,14,1902,1120,782,20,8,12,97.97979798,ArchChanged
0,0,0,912,912,0,0,0,0,0,0,0,0,0,0,0,0,0,0,0,100,NoArchChanged
0,5,5,911,911,0,1,0,0,0,0,5,5,0,241,241,0,3,3,0,99.59758551,NoArchChanged
20,20,0,1822,1822,0,2,38,0,0,0,131,127,4,4150,3859,291,39,38,1,100,NoArchChanged
0,0,0,912,912,0,0,0,0,0,0,0,0,0,0,0,0,0,0,0,100,NoArchChanged
35,52,17,3644,3696,52,4,237,2,0,2,32,14,18,1909,760,1149,14,7,7,88.58921162,ArchChanged
16,20,4,2772,2772,0,3,0,0,0,0,40,40,0,1553,1553,0,16,16,0,99.14346895,NoArchChanged
9,11,2,2772,2775,3,3,165,1,0,1,52,32,20,2132,1345,787,33,23,10,99.24973205,NoArchChanged
175,175,0,6475,6475,0,7,89,0,0,0,139,130,9,5488,5096,392,69,63,6,100,NoArchChanged
0,0,0,926,926,0,0,0,0,0,0,0,0,0,0,0,0,0,0,0,100,NoArchChanged
0,25,25,3700,3756,56,4,635,4,0,4,59,0,59,3086,0,3086,43,0,43,96.8238691,ArchChanged
22,22,0,2817,2817,0,3,12,0,0,0,114,114,0,4147,4087,60,23,23,0,100,NoArchChanged
231,231,0,20658,20658,0,22,34,0,0,0,181,180,1,11135,10996,139,123,121,2,100,NoArchChanged
19,19,0,1878,1878,0,2,3,0,0,0,13,12,1,1133,1122,11,11,10,1,100,NoArchChanged
30,33,3,2817,2826,9,3,309,0,0,0,54,31,23,3933,2005,1928,33,23,10,99.2139738,NoArchChanged
33,30,3,2826,2817,9,3,309,0,0,0,31,54,23,2005,3933,1928,23,33,10,99.2139738,NoArchChanged
175,285,110,27231,28478,1247,29,761,9,1,10,393,286,107,17862,13173,4689,260,168,92,89.93288591,ArchChanged
13,13,0,982,982,0,1,2,0,0,0,107,107,0,2654,2636,18,25,25,0,100,NoArchChanged
30,41,11,4910,4945,35,5,385,2,0,2,59,31,28,4187,2005,2182,36,23,13,97.23991507,ArchChanged
81,85,4,5934,5958,24,6,72,0,0,0,91,79,12,4554,4194,360,66,62,4,100,NoArchChanged
132,132,0,1986,1986,0,2,37,0,0,0,338,329,9,10703,10376,327,193,189,4,100,NoArchChanged
111,111,0,993,993,0,1,6,0,0,0,283,281,2,6587,6549,38,142,142,0,100,NoArchChanged
0,0,0,994,994,0,0,0,0,0,0,0,0,0,0,0,0,0,0,0,100,NoArchChanged
135,135,0,2979,2979,0,3,8,0,0,0,97,96,1,2440,2424,16,39,38,1,100,NoArchChanged
0,0,0,994,994,0,0,0,0,0,0,0,0,0,0,0,0,0,0,0,100,NoArchChanged
94,193,99,13902,14854,952,14,2354,13,0,13,217,33,184,13504,1432,12072,82,9,73,94.59459459,ArchChanged
6,6,0,1061,1061,0,1,1,0,0,0,8,8,0,1585,1574,11,5,5,0,100,NoArchChanged
585,566,19,28647,28377,270,27,40,1,0,1,1098,1089,9,37059,36977,82,486,482,4,93.90774587,ArchChanged
11,11,0,2102,2102,0,2,2,0,0,0,8,8,0,609,588,21,5,5,0,100,NoArchChanged
61,64,3,4204,4212,8,4,279,1,0,1,243,201,42,7291,5951,1340,141,107,34,99.1290578,NoArchChanged
47,49,2,4212,4216,4,4,65,0,0,0,41,32,9,2604,2132,472,25,20,5,100,NoArchChanged
79,119,40,8432,8552,120,8,629,2,0,2,151,79,72,7268,4127,3141,52,30,22,98.96988906,NoArchChanged
177,177,0,3207,3207,0,3,221,0,0,0,485,425,60,14442,12855,1587,238,226,12,100,NoArchChanged
13,13,0,1069,1069,0,1,7,0,0,0,107,107,0,2677,2654,23,25,25,0,100,NoArchChanged
4,4,0,2138,2138,0,2,1,0,0,0,30,30,0,1024,1026,2,12,12,0,100,NoArchChanged
0,0,0,1070,1070,0,0,0,0,0,0,0,0,0,0,0,0,0,0,0,100,NoArchChanged
136,136,0,2138,2138,0,2,16,0,0,0,402,400,2,12445,12351,94,206,205,1,100,NoArchChanged
65,65,0,2138,2138,0,2,30,0,0,0,104,98,6,5700,5511,189,76,74,2,100,NoArchChanged
0,0,0,1070,1070,0,0,0,0,0,0,0,0,0,0,0,0,0,0,0,100,NoArchChanged
0,0,0,1070,1070,0,0,0,0,0,0,0,0,0,0,0,0,0,0,0,100,NoArchChanged
92,152,60,13897,14248,351,13,794,4,0,4,263,168,95,11388,7462,3926,111,56,55,98.0127186,NoArchChanged
0,0,0,1097,1097,0,0,0,0,0,0,0,0,0,0,0,0,0,0,0,100,NoArchChanged
19,22,3,2192,2198,6,2,53,0,0,0,19,16,3,1728,1372,356,10,9,1,100,NoArchChanged
33,33,0,2198,2198,0,2,37,0,0,0,171,159,12,7076,6814,262,65,65,0,100,NoArchChanged
0,0,0,1100,1100,0,0,0,0,0,0,0,0,0,0,0,0,0,0,0,100,NoArchChanged
0,0,0,1100,1100,0,0,0,0,0,0,0,0,0,0,0,0,0,0,0,100,NoArchChanged
0,0,0,1100,1100,0,0,0,0,0,0,0,0,0,0,0,0,0,0,0,100,NoArchChanged
0,0,0,1100,1100,0,0,0,0,0,0,0,0,0,0,0,0,0,0,0,100,NoArchChanged
66,66,0,4396,4400,4,4,50,0,0,0,142,133,9,4977,4746,231,74,64,10,100,NoArchChanged
32,32,0,3300,3300,0,3,33,1,0,1,183,178,5,6739,6652,87,73,71,2,99.84326019,NoArchChanged
91,97,6,5500,5525,25,5,44,0,0,0,412,404,8,11995,11637,358,155,152,3,99.76544175,NoArchChanged
0,0,0,1106,1106,0,0,0,0,0,0,0,0,0,0,0,0,0,0,0,100,NoArchChanged
0,0,0,1106,1106,0,0,0,0,0,0,0,0,0,0,0,0,0,0,0,100,NoArchChanged
186,186,0,6630,6630,0,6,6,0,0,0,128,128,0,6828,6799,29,53,53,0,100,NoArchChanged
81,81,0,1105,1105,0,1,1,0,0,0,29,29,0,1355,1346,9,6,6,0,100,NoArchChanged
0,0,0,1106,1106,0,0,0,0,0,0,0,0,0,0,0,0,0,0,0,100,NoArchChanged
0,0,0,1106,1106,0,0,0,0,0,0,0,0,0,0,0,0,0,0,0,100,NoArchChanged
27,27,0,4420,4420,0,4,73,0,0,0,35,35,0,2294,2294,0,25,25,0,100,NoArchChanged
73,75,2,4420,4424,4,4,76,1,0,1,114,104,10,5213,4717,496,59,53,6,99.68823071,NoArchChanged
0,0,0,1107,1107,0,0,0,0,0,0,0,0,0,0,0,0,0,0,0,100,NoArchChanged
0,0,0,1107,1107,0,0,0,0,0,0,0,0,0,0,0,0,0,0,0,100,NoArchChanged
1,1,0,1106,1106,0,1,17,0,0,0,2,2,0,227,227,0,1,1,0,100,NoArchChanged
0,0,0,1107,1107,0,0,0,0,0,0,0,0,0,0,0,0,0,0,0,100,NoArchChanged
0,0,0,1107,1107,0,0,0,0,0,0,0,0,0,0,0,0,0,0,0,100,NoArchChanged
217,209,8,8848,8816,32,8,12,0,0,0,587,587,0,17389,17437,48,212,211,1,99.9222395,NoArchChanged
0,0,0,1103,1103,0,0,0,0,0,0,0,0,0,0,0,0,0,0,0,100,NoArchChanged
0,0,0,1103,1103,0,0,0,0,0,0,0,0,0,0,0,0,0,0,0,100,NoArchChanged
0,0,0,1103,1103,0,0,0,0,0,0,0,0,0,0,0,0,0,0,0,100,NoArchChanged
0,0,0,1103,1103,0,0,0,0,0,0,0,0,0,0,0,0,0,0,0,100,NoArchChanged
26,26,0,1102,1102,0,1,0,0,0,0,63,63,0,1327,1327,0,10,10,0,100,NoArchChanged
0,0,0,1103,1103,0,0,0,0,0,0,0,0,0,0,0,0,0,0,0,100,NoArchChanged
30,30,0,2204,2204,0,2,36,0,0,0,58,53,5,2381,2193,188,29,27,2,100,NoArchChanged
41,41,0,1102,1102,0,1,7,0,0,0,86,86,0,2146,2106,40,33,33,0,100,NoArchChanged
0,0,0,1103,1103,0,0,0,0,0,0,0,0,0,0,0,0,0,0,0,100,NoArchChanged
0,0,0,1103,1103,0,0,0,0,0,0,0,0,0,0,0,0,0,0,0,100,NoArchChanged
0,0,0,1103,1103,0,0,0,0,0,0,0,0,0,0,0,0,0,0,0,100,NoArchChanged
115,115,0,1102,1102,0,1,13,0,0,0,347,343,4,8095,8009,86,154,153,1,100,NoArchChanged
13,50,37,5510,5630,120,5,727,4,0,4,128,13,115,4457,474,3983,67,7,60,93.75481881,ArchChanged
81,130,49,10134,10314,180,9,499,5,0,5,99,59,40,4935,2186,2749,68,40,28,86.89355539,ArchChanged
279,286,7,10314,10341,27,9,109,0,0,0,466,452,14,13181,12521,660,224,214,10,99.65588438,NoArchChanged
0,0,0,1150,1150,0,0,0,0,0,0,0,0,0,0,0,0,0,0,0,100,NoArchChanged
0,0,0,1150,1150,0,0,0,0,0,0,0,0,0,0,0,0,0,0,0,100,NoArchChanged
0,0,0,1150,1150,0,0,0,0,0,0,0,0,0,0,0,0,0,0,0,100,NoArchChanged
0,0,0,1150,1150,0,0,0,0,0,0,0,0,0,0,0,0,0,0,0,100,NoArchChanged
0,0,0,1150,1150,0,0,0,0,0,0,0,0,0,0,0,0,0,0,0,100,NoArchChanged
0,0,0,1570,1570,0,0,0,0,0,0,0,0,0,0,0,0,0,0,0,100,NoArchChanged
0,0,0,1570,1570,0,0,0,0,0,0,0,0,0,0,0,0,0,0,0,100,NoArchChanged
0,10,10,6276,6296,20,4,647,4,0,4,86,0,86,3389,0,3389,31,0,31,99.31034483,NoArchChanged
0,0,0,1575,1575,0,0,0,0,0,0,0,0,0,0,0,0,0,0,0,100,NoArchChanged
0,0,0,1575,1575,0,0,0,0,0,0,0,0,0,0,0,0,0,0,0,100,NoArchChanged
0,0,0,1575,1575,0,0,0,0,0,0,0,0,0,0,0,0,0,0,0,100,NoArchChanged
84,84,0,4722,4722,0,3,22,0,0,0,319,318,1,10598,10436,162,107,106,1,100,NoArchChanged
94,84,10,11018,10983,35,7,669,0,4,4,318,405,87,10436,13987,3551,106,138,32,99.31034483,NoArchChanged
84,94,10,10983,11018,35,7,670,4,0,4,403,318,85,13977,10436,3541,138,106,32,99.31034483,NoArchChanged
58,482,424,69256,80872,11616,44,6208,44,0,44,402,0,402,26712,0,26712,268,0,268,88.84172226,ArchChanged
0,0,0,1839,1839,0,0,0,0,0,0,0,0,0,0,0,0,0,0,0,100,NoArchChanged
0,0,0,1839,1839,0,0,0,0,0,0,0,0,0,0,0,0,0,0,0,100,NoArchChanged
0,0,0,1839,1839,0,0,0,0,0,0,0,0,0,0,0,0,0,0,0,100,NoArchChanged
0,0,0,1839,1839,0,0,0,0,0,0,0,0,0,0,0,0,0,0,0,100,NoArchChanged
0,0,0,1839,1839,0,0,0,0,0,0,0,0,0,0,0,0,0,0,0,100,NoArchChanged
0,0,0,1839,1839,0,0,0,0,0,0,0,0,0,0,0,0,0,0,0,100,NoArchChanged
0,0,0,1839,1839,0,0,0,0,0,0,0,0,0,0,0,0,0,0,0,100,NoArchChanged
3,3,0,1838,1838,0,1,0,0,0,0,6,6,0,574,574,0,3,3,0,100,NoArchChanged
0,0,0,1839,1839,0,0,0,0,0,0,0,0,0,0,0,0,0,0,0,100,NoArchChanged
16,16,0,3676,3676,0,2,7,0,0,0,153,153,0,4477,4467,10,31,31,0,100,NoArchChanged
0,0,0,1839,1839,0,0,0,0,0,0,0,0,0,0,0,0,0,0,0,100,NoArchChanged
0,0,0,1839,1839,0,0,0,0,0,0,0,0,0,0,0,0,0,0,0,100,NoArchChanged
0,0,0,1839,1839,0,0,0,0,0,0,0,0,0,0,0,0,0,0,0,100,NoArchChanged
0,0,0,1839,1839,0,0,0,0,0,0,0,0,0,0,0,0,0,0,0,100,NoArchChanged
0,0,0,1839,1839,0,0,0,0,0,0,0,0,0,0,0,0,0,0,0,100,NoArchChanged
39,39,0,1838,1838,0,1,0,0,0,0,54,54,0,1927,1928,1,33,33,0,100,NoArchChanged
46,50,4,3676,3680,4,2,73,1,0,1,97,83,14,2285,1891,394,25,16,9,99.61811238,NoArchChanged
303,303,0,7360,7360,0,4,26,0,0,0,783,781,2,23645,23436,209,337,336,1,100,NoArchChanged
0,0,0,1841,1841,0,0,0,0,0,0,0,0,0,0,0,0,0,0,0,100,NoArchChanged
287,303,16,16560,16659,99,9,194,1,0,1,446,429,17,15418,14321,1097,210,200,10,99.89071038,NoArchChanged
40,41,1,1851,1852,1,1,2,0,0,0,54,54,0,1870,1904,34,34,33,1,99.94541485,NoArchChanged
62,102,40,11112,11274,162,6,403,3,0,3,304,239,65,11210,8850,2360,138,98,40,99.67302452,NoArchChanged
45,45,0,3758,3758,0,2,8,0,0,0,214,212,2,8112,8053,59,86,85,1,100,NoArchChanged
44,46,2,3758,3760,2,2,33,1,0,1,124,123,1,3294,3202,92,60,59,1,99.89130435,NoArchChanged
42,42,0,1880,1880,0,1,1,0,0,0,26,25,1,636,625,11,17,17,0,100,NoArchChanged
23,29,6,3760,3766,6,2,56,1,0,1,156,155,1,3930,3686,244,43,42,1,99.78319783,NoArchChanged
0,0,0,1884,1884,0,0,0,0,0,0,0,0,0,0,0,0,0,0,0,100,NoArchChanged
0,0,0,1884,1884,0,0,0,0,0,0,0,0,0,0,0,0,0,0,0,100,NoArchChanged
0,0,0,1884,1884,0,0,0,0,0,0,0,0,0,0,0,0,0,0,0,100,NoArchChanged
0,0,0,1884,1884,0,0,0,0,0,0,0,0,0,0,0,0,0,0,0,100,NoArchChanged
0,0,0,1884,1884,0,0,0,0,0,0,0,0,0,0,0,0,0,0,0,100,NoArchChanged
0,0,0,1884,1884,0,0,0,0,0,0,0,0,0,0,0,0,0,0,0,100,NoArchChanged
0,0,0,1884,1884,0,0,0,0,0,0,0,0,0,0,0,0,0,0,0,100,NoArchChanged
0,0,0,1884,1884,0,0,0,0,0,0,0,0,0,0,0,0,0,0,0,100,NoArchChanged
0,0,0,1884,1884,0,0,0,0,0,0,0,0,0,0,0,0,0,0,0,100,NoArchChanged
0,0,0,1884,1884,0,0,0,0,0,0,0,0,0,0,0,0,0,0,0,100,NoArchChanged
0,0,0,1884,1884,0,0,0,0,0,0,0,0,0,0,0,0,0,0,0,100,NoArchChanged
0,0,0,1884,1884,0,0,0,0,0,0,0,0,0,0,0,0,0,0,0,100,NoArchChanged
0,0,0,1884,1884,0,0,0,0,0,0,0,0,0,0,0,0,0,0,0,100,NoArchChanged
0,0,0,1884,1884,0,0,0,0,0,0,0,0,0,0,0,0,0,0,0,100,NoArchChanged
0,0,0,1884,1884,0,0,0,0,0,0,0,0,0,0,0,0,0,0,0,100,NoArchChanged
0,0,0,1884,1884,0,0,0,0,0,0,0,0,0,0,0,0,0,0,0,100,NoArchChanged
29,29,0,5649,5649,0,3,54,0,0,0,39,39,0,1623,1623,0,26,26,0,100,NoArchChanged
0,26,26,3766,3796,30,2,747,2,0,2,62,0,62,2918,0,2918,29,0,29,99.46495452,NoArchChanged
45,45,0,3796,3796,0,2,15,0,0,0,190,188,2,6584,6482,102,101,100,1,100,NoArchChanged
0,0,0,1899,1899,0,0,0,0,0,0,0,0,0,0,0,0,0,0,0,100,NoArchChanged
0,0,0,1899,1899,0,0,0,0,0,0,0,0,0,0,0,0,0,0,0,100,NoArchChanged
0,0,0,1899,1899,0,0,0,0,0,0,0,0,0,0,0,0,0,0,0,100,NoArchChanged
0,0,0,1899,1899,0,0,0,0,0,0,0,0,0,0,0,0,0,0,0,100,NoArchChanged
12,24,12,3796,3808,12,2,63,1,0,1,120,114,6,3646,3388,258,46,41,5,96.83985003,ArchChanged
0,0,0,1905,1905,0,0,0,0,0,0,0,0,0,0,0,0,0,0,0,100,NoArchChanged
0,0,0,1905,1905,0,0,0,0,0,0,0,0,0,0,0,0,0,0,0,100,NoArchChanged
0,0,0,1905,1905,0,0,0,0,0,0,0,0,0,0,0,0,0,0,0,100,NoArchChanged
0,0,0,2393,2393,0,0,0,0,0,0,0,0,0,0,0,0,0,0,0,100,NoArchChanged
0,0,0,2393,2393,0,0,0,0,0,0,0,0,0,0,0,0,0,0,0,100,NoArchChanged
0,0,0,2393,2393,0,0,0,0,0,0,0,0,0,0,0,0,0,0,0,100,NoArchChanged
0,0,0,2393,2393,0,0,0,0,0,0,0,0,0,0,0,0,0,0,0,100,NoArchChanged
0,0,0,2393,2393,0,0,0,0,0,0,0,0,0,0,0,0,0,0,0,100,NoArchChanged
365,367,2,33488,33544,56,14,210,1,1,2,851,817,34,25129,23877,1252,346,328,18,98.04923363,NoArchChanged
57,59,2,11980,11985,5,5,53,0,0,0,170,159,11,4694,4434,260,72,70,2,100,NoArchChanged
56,56,0,4794,4794,0,2,164,0,0,0,83,68,15,4361,3465,896,41,33,8,100,NoArchChanged
30,31,1,2397,2398,1,1,2,0,0,0,31,29,2,1052,1010,42,7,7,0,100,NoArchChanged
0,0,0,2399,2399,0,0,0,0,0,0,0,0,0,0,0,0,0,0,0,100,NoArchChanged
260,260,0,4796,4796,0,2,13,0,0,0,467,464,3,14760,14650,110,233,232,1,100,NoArchChanged
0,0,0,2399,2399,0,0,0,0,0,0,0,0,0,0,0,0,0,0,0,100,NoArchChanged
42,42,0,4796,4796,0,2,32,0,0,0,116,108,8,3740,3316,424,74,74,0,100,NoArchChanged
150,164,14,21582,21654,72,9,2,0,0,0,68,71,3,3823,3999,176,34,30,4,99.76076555,NoArchChanged
0,0,0,2407,2407,0,0,0,0,0,0,0,0,0,0,0,0,0,0,0,100,NoArchChanged
33,34,1,7218,7221,3,3,377,0,0,0,469,399,70,13692,11474,2218,253,199,54,100,NoArchChanged
21,24,3,4814,4818,4,2,59,0,0,0,25,15,10,914,540,374,18,12,6,91.95979899,ArchChanged
47,47,0,12045,12045,0,5,408,0,0,0,570,487,83,17185,14334,2851,305,268,37,100,NoArchChanged
0,0,0,2410,2410,0,0,0,0,0,0,0,0,0,0,0,0,0,0,0,100,NoArchChanged
118,154,36,9636,9724,88,4,628,2,0,2,82,25,57,4634,1048,3586,36,13,23,98.37362637,NoArchChanged
352,383,31,14586,14676,90,6,1490,3,0,3,842,707,135,22104,15798,6306,390,271,119,99.69176574,NoArchChanged
0,0,0,2447,2447,0,0,0,0,0,0,0,0,0,0,0,0,0,0,0,100,NoArchChanged
317,366,49,36690,37155,465,15,1547,7,0,7,947,677,270,30730,22398,8332,487,327,160,93.91377853,ArchChanged
7,7,0,4954,4954,0,2,3,0,0,0,18,17,1,707,682,25,15,15,0,100,NoArchChanged
289,289,0,12385,12385,0,5,5,0,0,0,566,565,1,13084,13073,11,173,172,1,100,NoArchChanged
41,85,44,12385,12530,145,5,343,4,0,4,32,10,22,2289,530,1759,16,4,12,99.43181818,NoArchChanged
117,120,3,7518,7521,3,3,17,0,0,0,321,319,2,9398,9265,133,107,105,2,96.10058309,ArchChanged
18,18,0,5014,5014,0,2,3,0,0,0,14,14,0,692,671,21,8,8,0,100,NoArchChanged
0,0,0,2508,2508,0,0,0,0,0,0,0,0,0,0,0,0,0,0,0,100,NoArchChanged
356,360,4,17549,17563,14,7,139,1,0,1,723,712,11,23386,22654,732,306,299,7,99.933687,NoArchChanged
28,28,0,7527,7527,0,3,3,0,0,0,15,15,0,929,929,0,9,9,0,100,NoArchChanged
249,249,0,2509,2509,0,1,2,0,0,0,389,390,1,8761,8771,10,169,169,0,100,NoArchChanged
0,0,0,2510,2510,0,0,0,0,0,0,0,0,0,0,0,0,0,0,0,100,NoArchChanged
0,0,0,2510,2510,0,0,0,0,0,0,0,0,0,0,0,0,0,0,0,100,NoArchChanged
0,0,0,2510,2510,0,0,0,0,0,0,0,0,0,0,0,0,0,0,0,100,NoArchChanged
0,0,0,2510,2510,0,0,0,0,0,0,0,0,0,0,0,0,0,0,0,100,NoArchChanged
0,0,0,2510,2510,0,0,0,0,0,0,0,0,0,0,0,0,0,0,0,100,NoArchChanged
0,0,0,2510,2510,0,0,0,0,0,0,0,0,0,0,0,0,0,0,0,100,NoArchChanged
0,0,0,2510,2510,0,0,0,0,0,0,0,0,0,0,0,0,0,0,0,100,NoArchChanged
0,0,0,2510,2510,0,0,0,0,0,0,0,0,0,0,0,0,0,0,0,100,NoArchChanged
0,0,0,2510,2510,0,0,0,0,0,0,0,0,0,0,0,0,0,0,0,100,NoArchChanged
13,13,0,2509,2509,0,1,6,0,0,0,61,60,1,2299,2278,21,29,29,0,100,NoArchChanged
13,13,0,2509,2509,0,1,63,0,0,0,71,61,10,2570,2299,271,32,29,3,100,NoArchChanged
255,271,16,17563,17640,77,7,141,0,0,0,736,720,16,20935,20150,785,230,214,16,100,NoArchChanged
0,0,0,2521,2521,0,0,0,0,0,0,0,0,0,0,0,0,0,0,0,100,NoArchChanged
0,0,0,2521,2521,0,0,0,0,0,0,0,0,0,0,0,0,0,0,0,100,NoArchChanged
42,42,0,5040,5040,0,2,4,0,0,0,116,116,0,3740,3740,0,74,74,0,100,NoArchChanged
13,13,0,2520,2520,0,1,15,0,0,0,72,71,1,2586,2570,16,33,32,1,100,NoArchChanged
0,0,0,2521,2521,0,0,0,0,0,0,0,0,0,0,0,0,0,0,0,100,NoArchChanged
0,0,0,2521,2521,0,0,0,0,0,0,0,0,0,0,0,0,0,0,0,100,NoArchChanged
0,0,0,2521,2521,0,0,0,0,0,0,0,0,0,0,0,0,0,0,0,100,NoArchChanged
48,50,2,10080,10088,8,4,1872,0,0,0,356,154,202,17060,7315,9745,322,128,194,99.90056347,NoArchChanged
10,10,0,2522,2522,0,1,0,0,0,0,6,6,0,225,225,0,6,6,0,100,NoArchChanged
43,49,6,7566,7578,12,3,132,2,0,2,24,10,14,1094,540,554,11,4,7,99.83449189,NoArchChanged
38,38,0,7578,7578,0,3,32,0,0,0,64,58,6,2618,2433,185,44,44,0,100,NoArchChanged
0,0,0,2527,2527,0,0,0,0,0,0,0,0,0,0,0,0,0,0,0,100,NoArchChanged
465,503,38,42942,43316,374,17,626,7,0,7,964,906,58,28140,25490,2650,439,409,30,93.25337331,ArchChanged
622,681,59,58604,59041,437,23,271,0,0,0,775,743,32,25325,23846,1479,295,274,21,93.15181518,ArchChanged
0,0,0,2568,2568,0,0,0,0,0,0,0,0,0,0,0,0,0,0,0,100,NoArchChanged
0,0,0,2568,2568,0,0,0,0,0,0,0,0,0,0,0,0,0,0,0,100,NoArchChanged
0,0,0,2568,2568,0,0,0,0,0,0,0,0,0,0,0,0,0,0,0,100,NoArchChanged
142,142,0,5486,5486,0,2,2,0,0,0,333,333,0,9683,9663,20,113,112,1,100,NoArchChanged
0,0,0,2744,2744,0,0,0,0,0,0,0,0,0,0,0,0,0,0,0,100,NoArchChanged
0,0,0,2744,2744,0,0,0,0,0,0,0,0,0,0,0,0,0,0,0,100,NoArchChanged
31,31,0,5486,5486,0,2,63,0,0,0,56,55,1,3202,2704,498,37,36,1,100,NoArchChanged
142,142,0,5486,5486,0,2,37,0,0,0,335,333,2,10025,9683,342,114,113,1,100,NoArchChanged
0,0,0,2744,2744,0,0,0,0,0,0,0,0,0,0,0,0,0,0,0,100,NoArchChanged
0,0,0,2744,2744,0,0,0,0,0,0,0,0,0,0,0,0,0,0,0,100,NoArchChanged
0,0,0,2744,2744,0,0,0,0,0,0,0,0,0,0,0,0,0,0,0,100,NoArchChanged
0,0,0,2744,2744,0,0,0,0,0,0,0,0,0,0,0,0,0,0,0,100,NoArchChanged
24,23,1,5486,5484,2,2,17,0,0,0,30,27,3,1918,1807,111,22,19,3,100,NoArchChanged
0,0,0,2743,2743,0,0,0,0,0,0,0,0,0,0,0,0,0,0,0,100,NoArchChanged
209,209,0,60324,60324,0,22,1771,0,0,0,1700,1533,167,54888,47823,7065,791,713,78,100,NoArchChanged
57,61,4,5484,5490,6,2,104,1,0,1,186,181,5,5869,5287,582,46,42,4,99.92119779,NoArchChanged
50,50,0,10980,10980,0,4,16,0,0,0,147,144,3,5219,5124,95,88,88,0,100,NoArchChanged
29,36,7,8235,8256,21,3,192,0,0,0,147,132,15,4948,3871,1077,30,22,8,99.49592865,NoArchChanged
255,257,2,16512,16518,6,6,75,0,0,0,457,452,5,18548,18074,474,204,200,4,100,NoArchChanged
202,241,39,35789,36114,325,13,384,2,0,2,536,475,61,16144,13678,2466,256,210,46,88.9827856,ArchChanged
30,38,8,5556,5564,8,2,103,1,0,1,42,25,17,1464,981,483,20,16,4,95.59112609,ArchChanged
68,102,34,30602,30822,220,11,420,1,0,1,147,110,37,7730,5501,2229,67,62,5,88.8580354,ArchChanged
0,0,0,2803,2803,0,0,0,0,0,0,0,0,0,0,0,0,0,0,0,100,NoArchChanged
13,13,0,2802,2802,0,1,3,0,0,0,54,54,0,1730,1712,18,19,19,0,100,NoArchChanged
0,0,0,2803,2803,0,0,0,0,0,0,0,0,0,0,0,0,0,0,0,100,NoArchChanged
0,0,0,2803,2803,0,0,0,0,0,0,0,0,0,0,0,0,0,0,0,100,NoArchChanged
11,15,4,2802,2806,4,1,9,0,0,0,11,9,2,380,340,40,8,6,2,100,NoArchChanged
17,18,1,2806,2807,1,1,17,0,0,0,19,20,1,927,815,112,14,15,1,90.53414469,ArchChanged
0,0,0,2808,2808,0,0,0,0,0,0,0,0,0,0,0,0,0,0,0,100,NoArchChanged
4,4,0,2807,2807,0,1,4,0,0,0,16,20,4,1107,1158,51,5,4,1,100,NoArchChanged
119,119,0,8421,8421,0,3,12,0,0,0,284,282,2,7567,7485,82,84,83,1,100,NoArchChanged
20,22,2,5614,5616,2,2,31,0,0,0,24,21,3,1074,888,186,12,10,2,99.09356725,NoArchChanged
292,82,210,64584,61916,2668,23,4138,0,23,23,0,382,382,0,20842,20842,0,168,168,95.34487653,ArchChanged
58,68,10,5384,5402,18,2,97,1,0,1,67,64,3,2358,1757,601,36,34,2,99.94617869,NoArchChanged
103,140,37,10804,10892,88,4,502,2,0,2,137,74,63,5355,2302,3053,63,38,25,96.49565461,ArchChanged
474,497,23,40845,41010,165,15,454,2,0,2,945,872,73,40130,37580,2550,425,402,23,99.85350132,NoArchChanged
41,41,0,8202,8202,0,3,100,0,0,0,578,549,29,15095,14441,654,144,139,5,100,NoArchChanged
13,15,2,5468,5470,2,2,94,1,0,1,80,72,8,2908,2586,322,35,33,2,96.64516129,ArchChanged
62,64,2,5470,5474,4,2,70,0,0,0,190,186,4,6240,5869,371,47,46,1,99.85627021,NoArchChanged
0,0,0,2738,2738,0,0,0,0,0,0,0,0,0,0,0,0,0,0,0,100,NoArchChanged
37,37,0,10948,10948,0,4,68,0,0,0,68,68,0,4103,4103,0,22,22,0,100,NoArchChanged
62,62,0,5474,5474,0,2,86,0,0,0,120,120,0,4052,4052,0,78,78,0,100,NoArchChanged
0,0,0,2738,2738,0,0,0,0,0,0,0,0,0,0,0,0,0,0,0,100,NoArchChanged
163,164,1,13685,13690,5,5,275,1,0,1,413,396,17,12244,10702,1542,164,154,10,99.92821249,NoArchChanged
0,0,0,2739,2739,0,0,0,0,0,0,0,0,0,0,0,0,0,0,0,100,NoArchChanged
135,137,2,5476,5478,2,2,25,0,0,0,337,337,0,10323,10177,146,117,116,1,100,NoArchChanged
14,18,4,5478,5482,4,2,148,1,0,1,17,6,11,1054,225,829,16,6,10,86.85208597,ArchChanged
0,0,0,2742,2742,0,0,0,0,0,0,0,0,0,0,0,0,0,0,0,100,NoArchChanged
0,0,0,2742,2742,0,0,0,0,0,0,0,0,0,0,0,0,0,0,0,100,NoArchChanged
0,0,0,2742,2742,0,0,0,0,0,0,0,0,0,0,0,0,0,0,0,100,NoArchChanged
0,0,0,2742,2742,0,0,0,0,0,0,0,0,0,0,0,0,0,0,0,100,NoArchChanged
303,303,0,5482,5482,0,2,21,0,0,0,436,433,3,9972,9829,143,185,182,3,100,NoArchChanged
1,1,0,2741,2741,0,1,52,0,0,0,8,7,1,1788,1293,495,7,6,1,100,NoArchChanged
239,262,23,13705,13805,100,5,655,1,0,1,659,569,90,18291,14290,4001,215,163,52,99.03258656,NoArchChanged
0,0,0,2762,2762,0,0,0,0,0,0,0,0,0,0,0,0,0,0,0,100,NoArchChanged
0,0,0,2762,2762,0,0,0,0,0,0,0,0,0,0,0,0,0,0,0,100,NoArchChanged
281,281,0,2761,2761,0,1,2,0,0,0,432,432,0,9465,9478,13,182,182,0,100,NoArchChanged
304,304,0,5522,5522,0,2,43,0,0,0,442,436,6,10241,9959,282,190,185,5,100,NoArchChanged
668,817,149,35893,36842,949,13,2158,7,0,7,1425,1144,281,40725,27497,13228,545,407,138,89.13443831,ArchChanged
63,71,8,5668,5682,14,2,103,1,0,1,68,59,9,2565,1951,614,43,37,6,99.91582492,NoArchChanged
0,0,0,2842,2842,0,0,0,0,0,0,0,0,0,0,0,0,0,0,0,100,NoArchChanged
0,0,0,2842,2842,0,0,0,0,0,0,0,0,0,0,0,0,0,0,0,100,NoArchChanged
122,122,0,11364,11364,0,4,74,0,0,0,271,270,1,13551,13522,29,155,155,0,100,NoArchChanged
12,12,0,2841,2841,0,1,0,0,0,0,23,23,0,3407,3407,0,20,20,0,100,NoArchChanged
0,0,0,2842,2842,0,0,0,0,0,0,0,0,0,0,0,0,0,0,0,100,NoArchChanged
0,0,0,2842,2842,0,0,0,0,0,0,0,0,0,0,0,0,0,0,0,100,NoArchChanged
0,0,0,2842,2842,0,0,0,0,0,0,0,0,0,0,0,0,0,0,0,100,NoArchChanged
0,0,0,2842,2842,0,0,0,0,0,0,0,0,0,0,0,0,0,0,0,100,NoArchChanged
0,0,0,2842,2842,0,0,0,0,0,0,0,0,0,0,0,0,0,0,0,100,NoArchChanged
0,0,0,2842,2842,0,0,0,0,0,0,0,0,0,0,0,0,0,0,0,100,NoArchChanged
41,55,14,8523,8547,24,3,488,2,0,2,100,44,56,3835,1045,2790,62,18,44,99.79018044,NoArchChanged
0,0,0,2850,2850,0,0,0,0,0,0,0,0,0,0,0,0,0,0,0,100,NoArchChanged
0,0,0,2850,2850,0,0,0,0,0,0,0,0,0,0,0,0,0,0,0,100,NoArchChanged
322,337,15,14245,14315,70,5,418,1,0,1,702,660,42,19083,16804,2279,222,190,32,99.79079498,NoArchChanged
0,0,0,2864,2864,0,0,0,0,0,0,0,0,0,0,0,0,0,0,0,100,NoArchChanged
0,0,0,2864,2864,0,0,0,0,0,0,0,0,0,0,0,0,0,0,0,100,NoArchChanged
0,0,0,2864,2864,0,0,0,0,0,0,0,0,0,0,0,0,0,0,0,100,NoArchChanged
0,0,0,2864,2864,0,0,0,0,0,0,0,0,0,0,0,0,0,0,0,100,NoArchChanged
0,0,0,2864,2864,0,0,0,0,0,0,0,0,0,0,0,0,0,0,0,100,NoArchChanged
0,0,0,2864,2864,0,0,0,0,0,0,0,0,0,0,0,0,0,0,0,100,NoArchChanged
163,163,0,28630,28630,0,10,180,0,0,0,299,299,0,16134,16134,0,201,201,0,100,NoArchChanged
0,0,0,2864,2864,0,0,0,0,0,0,0,0,0,0,0,0,0,0,0,100,NoArchChanged
0,0,0,2864,2864,0,0,0,0,0,0,0,0,0,0,0,0,0,0,0,100,NoArchChanged
0,0,0,2864,2864,0,0,0,0,0,0,0,0,0,0,0,0,0,0,0,100,NoArchChanged
0,0,0,2864,2864,0,0,0,0,0,0,0,0,0,0,0,0,0,0,0,100,NoArchChanged
0,0,0,2864,2864,0,0,0,0,0,0,0,0,0,0,0,0,0,0,0,100,NoArchChanged
0,0,0,2864,2864,0,0,0,0,0,0,0,0,0,0,0,0,0,0,0,100,NoArchChanged
0,0,0,2864,2864,0,0,0,0,0,0,0,0,0,0,0,0,0,0,0,100,NoArchChanged
0,0,0,2864,2864,0,0,0,0,0,0,0,0,0,0,0,0,0,0,0,100,NoArchChanged
0,0,0,2864,2864,0,0,0,0,0,0,0,0,0,0,0,0,0,0,0,100,NoArchChanged
0,0,0,2864,2864,0,0,0,0,0,0,0,0,0,0,0,0,0,0,0,100,NoArchChanged
150,151,1,5726,5728,2,2,11,0,0,0,321,320,1,8090,7937,153,104,103,1,100,NoArchChanged
0,0,0,2865,2865,0,0,0,0,0,0,0,0,0,0,0,0,0,0,0,100,NoArchChanged
0,0,0,2865,2865,0,0,0,0,0,0,0,0,0,0,0,0,0,0,0,100,NoArchChanged
0,0,0,2865,2865,0,0,0,0,0,0,0,0,0,0,0,0,0,0,0,100,NoArchChanged
0,0,0,2865,2865,0,0,0,0,0,0,0,0,0,0,0,0,0,0,0,100,NoArchChanged
0,0,0,2865,2865,0,0,0,0,0,0,0,0,0,0,0,0,0,0,0,100,NoArchChanged
0,0,0,2865,2865,0,0,0,0,0,0,0,0,0,0,0,0,0,0,0,100,NoArchChanged
0,0,0,2865,2865,0,0,0,0,0,0,0,0,0,0,0,0,0,0,0,100,NoArchChanged
0,0,0,2865,2865,0,0,0,0,0,0,0,0,0,0,0,0,0,0,0,100,NoArchChanged
429,429,0,17184,17184,0,6,18,0,0,0,500,499,1,12895,12877,18,215,214,1,100,NoArchChanged
0,0,0,2865,2865,0,0,0,0,0,0,0,0,0,0,0,0,0,0,0,100,NoArchChanged
0,0,0,2865,2865,0,0,0,0,0,0,0,0,0,0,0,0,0,0,0,100,NoArchChanged
0,0,0,2865,2865,0,0,0,0,0,0,0,0,0,0,0,0,0,0,0,100,NoArchChanged
0,0,0,2865,2865,0,0,0,0,0,0,0,0,0,0,0,0,0,0,0,100,NoArchChanged
429,429,0,17184,17184,0,6,18,0,0,0,499,500,1,12877,12895,18,214,215,1,100,NoArchChanged
429,429,0,17184,17184,0,6,18,0,0,0,500,499,1,12895,12877,18,215,214,1,100,NoArchChanged
0,0,0,2865,2865,0,0,0,0,0,0,0,0,0,0,0,0,0,0,0,100,NoArchChanged
0,0,0,2865,2865,0,0,0,0,0,0,0,0,0,0,0,0,0,0,0,100,NoArchChanged
0,0,0,2865,2865,0,0,0,0,0,0,0,0,0,0,0,0,0,0,0,100,NoArchChanged
0,0,0,2865,2865,0,0,0,0,0,0,0,0,0,0,0,0,0,0,0,100,NoArchChanged
0,0,0,2865,2865,0,0,0,0,0,0,0,0,0,0,0,0,0,0,0,100,NoArchChanged
137,137,0,28640,28640,0,10,151,0,0,0,210,210,0,8814,8814,0,137,137,0,100,NoArchChanged
76,76,0,11456,11456,0,4,64,0,0,0,122,122,0,4244,4244,0,80,80,0,100,NoArchChanged
0,0,0,2865,2865,0,0,0,0,0,0,0,0,0,0,0,0,0,0,0,100,NoArchChanged
0,0,0,2865,2865,0,0,0,0,0,0,0,0,0,0,0,0,0,0,0,100,NoArchChanged
0,0,0,2865,2865,0,0,0,0,0,0,0,0,0,0,0,0,0,0,0,100,NoArchChanged
0,0,0,2865,2865,0,0,0,0,0,0,0,0,0,0,0,0,0,0,0,100,NoArchChanged
145,145,0,5728,5728,0,2,12,0,0,0,352,351,1,10939,10845,94,124,122,2,100,NoArchChanged
0,0,0,2865,2865,0,0,0,0,0,0,0,0,0,0,0,0,0,0,0,100,NoArchChanged
0,0,0,2865,2865,0,0,0,0,0,0,0,0,0,0,0,0,0,0,0,100,NoArchChanged
0,0,0,2865,2865,0,0,0,0,0,0,0,0,0,0,0,0,0,0,0,100,NoArchChanged
0,0,0,2865,2865,0,0,0,0,0,0,0,0,0,0,0,0,0,0,0,100,NoArchChanged
0,0,0,2865,2865,0,0,0,0,0,0,0,0,0,0,0,0,0,0,0,100,NoArchChanged
0,0,0,2865,2865,0,0,0,0,0,0,0,0,0,0,0,0,0,0,0,100,NoArchChanged
0,0,0,2865,2865,0,0,0,0,0,0,0,0,0,0,0,0,0,0,0,100,NoArchChanged
0,0,0,2865,2865,0,0,0,0,0,0,0,0,0,0,0,0,0,0,0,100,NoArchChanged
0,0,0,2865,2865,0,0,0,0,0,0,0,0,0,0,0,0,0,0,0,100,NoArchChanged
0,0,0,2865,2865,0,0,0,0,0,0,0,0,0,0,0,0,0,0,0,100,NoArchChanged
0,0,0,2865,2865,0,0,0,0,0,0,0,0,0,0,0,0,0,0,0,100,NoArchChanged
0,0,0,2865,2865,0,0,0,0,0,0,0,0,0,0,0,0,0,0,0,100,NoArchChanged
0,0,0,2865,2865,0,0,0,0,0,0,0,0,0,0,0,0,0,0,0,100,NoArchChanged
0,0,0,2865,2865,0,0,0,0,0,0,0,0,0,0,0,0,0,0,0,100,NoArchChanged
45,45,0,2864,2864,0,1,13,0,0,0,13,10,3,638,550,88,5,4,1,100,NoArchChanged
0,0,0,2865,2865,0,0,0,0,0,0,0,0,0,0,0,0,0,0,0,100,NoArchChanged
43,42,1,5728,5726,2,2,33,1,0,1,69,69,0,1650,1591,59,33,33,0,90.995671,ArchChanged
132,132,0,2863,2863,0,1,0,0,0,0,311,311,0,7013,7018,5,95,95,0,100,NoArchChanged
0,0,0,2864,2864,0,0,0,0,0,0,0,0,0,0,0,0,0,0,0,100,NoArchChanged
0,0,0,2864,2864,0,0,0,0,0,0,0,0,0,0,0,0,0,0,0,100,NoArchChanged
0,0,0,2864,2864,0,0,0,0,0,0,0,0,0,0,0,0,0,0,0,100,NoArchChanged
0,0,0,2864,2864,0,0,0,0,0,0,0,0,0,0,0,0,0,0,0,100,NoArchChanged
42,42,0,2863,2863,0,1,15,0,0,0,68,69,1,1526,1617,91,33,33,0,100,NoArchChanged
0,0,0,2864,2864,0,0,0,0,0,0,0,0,0,0,0,0,0,0,0,100,NoArchChanged
0,0,0,2864,2864,0,0,0,0,0,0,0,0,0,0,0,0,0,0,0,100,NoArchChanged
0,0,0,2864,2864,0,0,0,0,0,0,0,0,0,0,0,0,0,0,0,100,NoArchChanged
0,0,0,2864,2864,0,0,0,0,0,0,0,0,0,0,0,0,0,0,0,100,NoArchChanged
0,0,0,2864,2864,0,0,0,0,0,0,0,0,0,0,0,0,0,0,0,100,NoArchChanged
0,0,0,2864,2864,0,0,0,0,0,0,0,0,0,0,0,0,0,0,0,100,NoArchChanged
0,0,0,2864,2864,0,0,0,0,0,0,0,0,0,0,0,0,0,0,0,100,NoArchChanged
424,444,20,43830,43995,165,15,423,0,0,0,876,828,48,27124,24982,2142,379,360,19,90.66455696,ArchChanged
49,49,0,5866,5866,0,2,109,0,0,0,249,242,7,8703,7848,855,88,84,4,100,NoArchChanged
148,150,2,5866,5870,4,2,78,0,0,0,336,325,11,9174,8629,545,113,106,7,100,NoArchChanged
136,136,0,2935,2935,0,1,0,0,0,0,315,315,0,7122,7120,2,96,96,0,100,NoArchChanged
0,0,0,2936,2936,0,0,0,0,0,0,0,0,0,0,0,0,0,0,0,100,NoArchChanged
30,30,0,2935,2935,0,1,1,0,0,0,55,55,0,1383,1385,2,14,14,0,100,NoArchChanged
0,88,88,38155,38727,572,13,1250,12,0,12,74,0,74,4425,33,4392,55,0,55,98.91122278,NoArchChanged
106,125,19,17874,17964,90,6,195,1,0,1,412,399,13,16045,14939,1106,254,241,13,89.30369128,ArchChanged
0,0,0,2995,2995,0,0,0,0,0,0,0,0,0,0,0,0,0,0,0,100,NoArchChanged
0,0,0,2995,2995,0,0,0,0,0,0,0,0,0,0,0,0,0,0,0,100,NoArchChanged
82,82,0,5988,5988,0,2,15,0,0,0,101,100,1,2683,2559,124,24,24,0,100,NoArchChanged
24,24,0,5988,5988,0,2,38,0,0,0,32,29,3,2598,2322,276,20,17,3,100,NoArchChanged
0,0,0,2995,2995,0,0,0,0,0,0,0,0,0,0,0,0,0,0,0,100,NoArchChanged
0,0,0,2995,2995,0,0,0,0,0,0,0,0,0,0,0,0,0,0,0,100,NoArchChanged
0,0,0,2995,2995,0,0,0,0,0,0,0,0,0,0,0,0,0,0,0,100,NoArchChanged
33,33,0,2994,2994,0,1,6,0,0,0,212,211,1,5002,4981,21,65,64,1,100,NoArchChanged
0,0,0,2995,2995,0,0,0,0,0,0,0,0,0,0,0,0,0,0,0,100,NoArchChanged
27,27,0,5988,5988,0,2,25,0,0,0,111,107,4,4351,4198,153,76,74,2,100,NoArchChanged
49,49,0,5988,5988,0,2,1,0,0,0,245,245,0,11372,11365,7,88,88,0,100,NoArchChanged
0,0,0,2995,2995,0,0,0,0,0,0,0,0,0,0,0,0,0,0,0,100,NoArchChanged
0,0,0,2995,2995,0,0,0,0,0,0,0,0,0,0,0,0,0,0,0,100,NoArchChanged
84,84,0,8982,8982,0,3,6,0,0,0,195,195,0,6775,6671,104,127,127,0,100,NoArchChanged
19,19,0,5988,5988,0,2,34,0,0,0,14,14,0,1868,1868,0,11,11,0,100,NoArchChanged
115,115,0,11976,11976,0,4,16,0,0,0,378,375,3,13181,13074,107,172,172,0,100,NoArchChanged
0,0,0,2995,2995,0,0,0,0,0,0,0,0,0,0,0,0,0,0,0,100,NoArchChanged
0,0,0,2995,2995,0,0,0,0,0,0,0,0,0,0,0,0,0,0,0,100,NoArchChanged
0,0,0,2995,2995,0,0,0,0,0,0,0,0,0,0,0,0,0,0,0,100,NoArchChanged
0,0,0,2995,2995,0,0,0,0,0,0,0,0,0,0,0,0,0,0,0,100,NoArchChanged
0,0,0,2995,2995,0,0,0,0,0,0,0,0,0,0,0,0,0,0,0,100,NoArchChanged
154,156,2,5988,5990,2,2,67,0,0,0,360,356,4,11663,11060,603,126,125,1,99.95751912,NoArchChanged
317,317,0,5990,5990,0,2,20,0,0,0,471,470,1,16782,16581,201,218,217,1,100,NoArchChanged
26,26,0,5990,5990,0,2,11,0,0,0,116,114,2,5205,5169,36,41,41,0,100,NoArchChanged
80,89,9,11980,12004,24,4,111,1,0,1,149,141,8,5495,4980,515,98,90,8,99.83029275,NoArchChanged
40,42,2,9003,9006,3,3,95,1,0,1,109,100,9,4663,4233,430,65,57,8,98.93162393,NoArchChanged
12,12,0,3002,3002,0,1,8,0,0,0,21,19,2,976,929,47,16,16,0,100,NoArchChanged
156,156,0,6004,6004,0,2,122,0,0,0,364,360,4,12871,11663,1208,127,126,1,100,NoArchChanged
0,0,0,3003,3003,0,0,0,0,0,0,0,0,0,0,0,0,0,0,0,100,NoArchChanged
94,94,0,3002,3002,0,1,7,0,0,0,68,68,0,1573,1526,47,33,33,0,100,NoArchChanged
0,0,0,3003,3003,0,0,0,0,0,0,0,0,0,0,0,0,0,0,0,100,NoArchChanged
0,0,0,3003,3003,0,0,0,0,0,0,0,0,0,0,0,0,0,0,0,100,NoArchChanged
0,0,0,3003,3003,0,0,0,0,0,0,0,0,0,0,0,0,0,0,0,100,NoArchChanged
0,0,0,3003,3003,0,0,0,0,0,0,0,0,0,0,0,0,0,0,0,100,NoArchChanged
94,94,0,3002,3002,0,1,2,0,0,0,69,68,1,1586,1573,13,33,33,0,100,NoArchChanged
0,0,0,3003,3003,0,0,0,0,0,0,0,0,0,0,0,0,0,0,0,100,NoArchChanged
0,0,0,3003,3003,0,0,0,0,0,0,0,0,0,0,0,0,0,0,0,100,NoArchChanged
0,0,0,3003,3003,0,0,0,0,0,0,0,0,0,0,0,0,0,0,0,100,NoArchChanged
20,20,0,3002,3002,0,1,9,0,0,0,14,13,1,447,429,18,11,10,1,100,NoArchChanged
0,0,0,3003,3003,0,0,0,0,0,0,0,0,0,0,0,0,0,0,0,100,NoArchChanged
35,38,3,9006,9012,6,3,24,1,0,1,353,350,3,10305,10096,209,286,285,1,99.91386736,NoArchChanged
0,0,0,3005,3005,0,0,0,0,0,0,0,0,0,0,0,0,0,0,0,100,NoArchChanged
2,2,0,3004,3004,0,1,17,0,0,0,1,1,0,140,140,0,1,1,0,100,NoArchChanged
0,0,0,3005,3005,0,0,0,0,0,0,0,0,0,0,0,0,0,0,0,100,NoArchChanged
0,0,0,2864,2864,0,0,0,0,0,0,0,0,0,0,0,0,0,0,0,100,NoArchChanged
0,0,0,2864,2864,0,0,0,0,0,0,0,0,0,0,0,0,0,0,0,100,NoArchChanged
150,151,1,5726,5728,2,2,11,0,0,0,321,320,1,8090,7937,153,104,103,1,100,NoArchChanged
0,0,0,2865,2865,0,0,0,0,0,0,0,0,0,0,0,0,0,0,0,100,NoArchChanged
0,0,0,2865,2865,0,0,0,0,0,0,0,0,0,0,0,0,0,0,0,100,NoArchChanged
19,34,15,8592,8637,45,3,343,2,0,2,151,88,63,5078,2757,2321,71,61,10,94.83585393,ArchChanged
34,19,15,8637,8592,45,3,343,0,2,2,88,151,63,2757,5078,2321,61,71,10,94.83585393,ArchChanged
509,526,17,42960,43185,225,15,448,2,0,2,739,675,64,22543,20204,2339,343,332,11,94.83585393,ArchChanged
0,0,0,2880,2880,0,0,0,0,0,0,0,0,0,0,0,0,0,0,0,100,NoArchChanged
180,164,16,14395,14320,75,5,331,0,2,2,440,502,62,13696,15923,2227,185,193,8,94.83585393,ArchChanged
0,0,0,2865,2865,0,0,0,0,0,0,0,0,0,0,0,0,0,0,0,100,NoArchChanged
0,0,0,2865,2865,0,0,0,0,0,0,0,0,0,0,0,0,0,0,0,100,NoArchChanged
0,0,0,2865,2865,0,0,0,0,0,0,0,0,0,0,0,0,0,0,0,100,NoArchChanged
0,0,0,2865,2865,0,0,0,0,0,0,0,0,0,0,0,0,0,0,0,100,NoArchChanged
0,0,0,2865,2865,0,0,0,0,0,0,0,0,0,0,0,0,0,0,0,100,NoArchChanged
0,0,0,2865,2865,0,0,0,0,0,0,0,0,0,0,0,0,0,0,0,100,NoArchChanged
0,0,0,2865,2865,0,0,0,0,0,0,0,0,0,0,0,0,0,0,0,100,NoArchChanged
0,0,0,2865,2865,0,0,0,0,0,0,0,0,0,0,0,0,0,0,0,100,NoArchChanged
0,0,0,2865,2865,0,0,0,0,0,0,0,0,0,0,0,0,0,0,0,100,NoArchChanged
0,0,0,2865,2865,0,0,0,0,0,0,0,0,0,0,0,0,0,0,0,100,NoArchChanged
0,0,0,2865,2865,0,0,0,0,0,0,0,0,0,0,0,0,0,0,0,100,NoArchChanged
0,0,0,2865,2865,0,0,0,0,0,0,0,0,0,0,0,0,0,0,0,100,NoArchChanged
0,0,0,2865,2865,0,0,0,0,0,0,0,0,0,0,0,0,0,0,0,100,NoArchChanged
0,0,0,2865,2865,0,0,0,0,0,0,0,0,0,0,0,0,0,0,0,100,NoArchChanged
0,0,0,2865,2865,0,0,0,0,0,0,0,0,0,0,0,0,0,0,0,100,NoArchChanged
0,0,0,2865,2865,0,0,0,0,0,0,0,0,0,0,0,0,0,0,0,100,NoArchChanged
0,0,0,2865,2865,0,0,0,0,0,0,0,0,0,0,0,0,0,0,0,100,NoArchChanged
0,0,0,2865,2865,0,0,0,0,0,0,0,0,0,0,0,0,0,0,0,100,NoArchChanged
0,0,0,2865,2865,0,0,0,0,0,0,0,0,0,0,0,0,0,0,0,100,NoArchChanged
0,0,0,2865,2865,0,0,0,0,0,0,0,0,0,0,0,0,0,0,0,100,NoArchChanged
45,45,0,2864,2864,0,1,13,0,0,0,13,10,3,638,550,88,5,4,1,100,NoArchChanged
0,0,0,2865,2865,0,0,0,0,0,0,0,0,0,0,0,0,0,0,0,100,NoArchChanged
43,42,1,5728,5726,2,2,33,1,0,1,69,69,0,1650,1591,59,33,33,0,90.995671,ArchChanged
42,43,1,5726,5728,2,2,33,0,1,1,69,69,0,1591,1650,59,33,33,0,90.995671,ArchChanged
43,42,1,5728,5726,2,2,33,1,0,1,69,69,0,1650,1591,59,33,33,0,90.995671,ArchChanged
0,0,0,2864,2864,0,0,0,0,0,0,0,0,0,0,0,0,0,0,0,100,NoArchChanged
132,132,0,2863,2863,0,1,0,0,0,0,311,311,0,7013,7018,5,95,95,0,100,NoArchChanged
0,0,0,2864,2864,0,0,0,0,0,0,0,0,0,0,0,0,0,0,0,100,NoArchChanged
0,0,0,2864,2864,0,0,0,0,0,0,0,0,0,0,0,0,0,0,0,100,NoArchChanged
0,0,0,2864,2864,0,0,0,0,0,0,0,0,0,0,0,0,0,0,0,100,NoArchChanged
0,0,0,2864,2864,0,0,0,0,0,0,0,0,0,0,0,0,0,0,0,100,NoArchChanged
0,0,0,2864,2864,0,0,0,0,0,0,0,0,0,0,0,0,0,0,0,100,NoArchChanged
42,42,0,2863,2863,0,1,15,0,0,0,68,69,1,1526,1617,91,33,33,0,100,NoArchChanged
42,42,0,2863,2863,0,1,15,0,0,0,69,68,1,1617,1526,91,33,33,0,100,NoArchChanged
0,0,0,2864,2864,0,0,0,0,0,0,0,0,0,0,0,0,0,0,0,100,NoArchChanged
0,0,0,2864,2864,0,0,0,0,0,0,0,0,0,0,0,0,0,0,0,100,NoArchChanged
0,0,0,2864,2864,0,0,0,0,0,0,0,0,0,0,0,0,0,0,0,100,NoArchChanged
42,42,0,2863,2863,0,1,15,0,0,0,68,69,1,1526,1617,91,33,33,0,100,NoArchChanged
0,0,0,2864,2864,0,0,0,0,0,0,0,0,0,0,0,0,0,0,0,100,NoArchChanged
0,0,0,2864,2864,0,0,0,0,0,0,0,0,0,0,0,0,0,0,0,100,NoArchChanged
0,0,0,2864,2864,0,0,0,0,0,0,0,0,0,0,0,0,0,0,0,100,NoArchChanged
0,0,0,2864,2864,0,0,0,0,0,0,0,0,0,0,0,0,0,0,0,100,NoArchChanged
0,0,0,2864,2864,0,0,0,0,0,0,0,0,0,0,0,0,0,0,0,100,NoArchChanged
0,0,0,2864,2864,0,0,0,0,0,0,0,0,0,0,0,0,0,0,0,100,NoArchChanged
0,0,0,2864,2864,0,0,0,0,0,0,0,0,0,0,0,0,0,0,0,100,NoArchChanged
0,0,0,2864,2864,0,0,0,0,0,0,0,0,0,0,0,0,0,0,0,100,NoArchChanged
0,0,0,2864,2864,0,0,0,0,0,0,0,0,0,0,0,0,0,0,0,100,NoArchChanged
0,0,0,2864,2864,0,0,0,0,0,0,0,0,0,0,0,0,0,0,0,100,NoArchChanged
298,298,0,5726,5726,0,2,22,0,0,0,456,453,3,10507,10322,185,200,197,3,100,NoArchChanged
145,145,0,5726,5726,0,2,2,0,0,0,352,352,0,10957,10934,23,124,124,0,100,NoArchChanged
19,24,5,5726,5734,8,2,89,1,0,1,99,88,11,3143,2757,386,64,61,3,100,NoArchChanged
20,35,15,8601,8646,45,3,334,2,0,2,152,92,60,5146,2872,2274,72,62,10,91.04606113,ArchChanged
0,0,0,2883,2883,0,0,0,0,0,0,0,0,0,0,0,0,0,0,0,100,NoArchChanged
20,20,0,2882,2882,0,1,1,0,0,0,92,92,0,2872,2870,2,62,62,0,100,NoArchChanged
20,20,0,2882,2882,0,1,1,0,0,0,92,92,0,2872,2872,0,62,62,0,100,NoArchChanged
4,4,0,2882,2882,0,1,5,0,0,0,57,57,0,1576,1576,0,8,8,0,100,NoArchChanged
0,0,0,2883,2883,0,0,0,0,0,0,0,0,0,0,0,0,0,0,0,100,NoArchChanged
11,11,0,2882,2882,0,1,2,0,0,0,3,3,0,727,700,27,2,2,0,100,NoArchChanged
4,4,0,2882,2882,0,1,0,0,0,0,57,57,0,1576,1576,0,8,8,0,100,NoArchChanged
15,0,15,5764,5734,30,2,331,0,2,2,0,60,60,0,2303,2303,0,10,10,91.04606113,ArchChanged
0,0,0,2868,2868,0,0,0,0,0,0,0,0,0,0,0,0,0,0,0,100,NoArchChanged
0,0,0,2868,2868,0,0,0,0,0,0,0,0,0,0,0,0,0,0,0,100,NoArchChanged
0,0,0,2868,2868,0,0,0,0,0,0,0,0,0,0,0,0,0,0,0,100,NoArchChanged
64,69,5,5734,5740,6,2,37,1,0,1,220,218,2,6482,6245,237,51,50,1,91.01123596,ArchChanged
62,62,0,2870,2870,0,1,0,0,0,0,65,65,0,1769,1767,2,35,35,0,100,NoArchChanged
67,66,1,2870,2869,1,1,2,0,0,0,218,218,0,6255,6277,22,50,50,0,91.10535406,ArchChanged
39,41,2,5738,5740,2,2,153,0,0,0,222,204,18,6525,5658,867,76,66,10,99.82078853,NoArchChanged
0,0,0,2871,2871,0,0,0,0,0,0,0,0,0,0,0,0,0,0,0,100,NoArchChanged
0,0,0,2871,2871,0,0,0,0,0,0,0,0,0,0,0,0,0,0,0,100,NoArchChanged
2,2,0,2870,2870,0,1,18,0,0,0,2,2,0,205,205,0,1,1,0,100,NoArchChanged
171,181,10,20090,20174,84,7,125,2,1,3,547,507,40,15973,14754,1219,161,162,1,90.79569892,ArchChanged
4,4,0,2882,2882,0,1,19,0,0,0,57,57,0,1576,1576,0,8,8,0,100,NoArchChanged
4,4,0,2882,2882,0,1,10,0,0,0,60,57,3,1643,1576,67,8,8,0,100,NoArchChanged
530,520,10,28820,28720,100,10,116,1,2,3,1074,1111,37,28121,29125,1004,410,407,3,90.79569892,ArchChanged
62,62,0,5744,5744,0,2,12,0,0,0,120,120,0,4052,4052,0,78,78,0,100,NoArchChanged
62,62,0,5744,5744,0,2,6,0,0,0,120,120,0,4010,4052,42,78,78,0,100,NoArchChanged
0,0,0,2873,2873,0,0,0,0,0,0,0,0,0,0,0,0,0,0,0,100,NoArchChanged
5455,5455,0,913296,913296,0,318,0,0,0,0,9832,9832,0,381164,381164,0,4997,4997,0,100,NoArchChanged
0,0,0,2873,2873,0,0,0,0,0,0,0,0,0,0,0,0,0,0,0,100,NoArchChanged
25,27,2,5744,5746,2,2,18,0,0,0,123,120,3,3768,3646,122,47,46,1,87.11683696,ArchChanged
0,0,0,2874,2874,0,0,0,0,0,0,0,0,0,0,0,0,0,0,0,100,NoArchChanged
0,0,0,2874,2874,0,0,0,0,0,0,0,0,0,0,0,0,0,0,0,100,NoArchChanged
0,0,0,2874,2874,0,0,0,0,0,0,0,0,0,0,0,0,0,0,0,100,NoArchChanged
0,0,0,2874,2874,0,0,0,0,0,0,0,0,0,0,0,0,0,0,0,100,NoArchChanged
0,0,0,2874,2874,0,0,0,0,0,0,0,0,0,0,0,0,0,0,0,100,NoArchChanged
10,10,0,2873,2873,0,1,2,0,0,0,48,48,0,1134,1118,16,5,5,0,100,NoArchChanged
217,276,59,25857,26298,441,9,1543,3,0,3,578,328,250,17930,9332,8598,271,128,143,87.87268332,ArchChanged
0,0,0,2923,2923,0,0,0,0,0,0,0,0,0,0,0,0,0,0,0,100,NoArchChanged
5593,5473,120,955494,936201,19293,327,1938,1,6,7,9888,10181,293,383303,393957,10654,5011,5174,163,87.89110118,ArchChanged
0,0,0,2864,2864,0,0,0,0,0,0,0,0,0,0,0,0,0,0,0,100,NoArchChanged
298,298,0,5726,5726,0,2,22,0,0,0,456,453,3,10507,10322,185,200,197,3,100,NoArchChanged
145,145,0,5726,5726,0,2,2,0,0,0,352,352,0,10957,10934,23,124,124,0,100,NoArchChanged
19,24,5,5726,5734,8,2,89,1,0,1,99,88,11,3143,2757,386,64,61,3,100,NoArchChanged
0,0,0,2868,2868,0,0,0,0,0,0,0,0,0,0,0,0,0,0,0,100,NoArchChanged
0,0,0,2868,2868,0,0,0,0,0,0,0,0,0,0,0,0,0,0,0,100,NoArchChanged
0,0,0,2868,2868,0,0,0,0,0,0,0,0,0,0,0,0,0,0,0,100,NoArchChanged
0,0,0,2868,2868,0,0,0,0,0,0,0,0,0,0,0,0,0,0,0,100,NoArchChanged
64,69,5,5734,5740,6,2,37,1,0,1,220,218,2,6482,6245,237,51,50,1,91.01123596,ArchChanged
62,62,0,2870,2870,0,1,0,0,0,0,65,65,0,1769,1767,2,35,35,0,100,NoArchChanged
67,66,1,2870,2869,1,1,2,0,0,0,218,218,0,6255,6277,22,50,50,0,91.10535406,ArchChanged
39,41,2,5738,5740,2,2,153,0,0,0,222,204,18,6525,5658,867,76,66,10,99.82078853,NoArchChanged
0,0,0,2871,2871,0,0,0,0,0,0,0,0,0,0,0,0,0,0,0,100,NoArchChanged
0,0,0,2871,2871,0,0,0,0,0,0,0,0,0,0,0,0,0,0,0,100,NoArchChanged
2,2,0,2870,2870,0,1,18,0,0,0,2,2,0,205,205,0,1,1,0,100,NoArchChanged
346,349,3,8610,8616,6,3,38,0,0,0,567,561,6,13367,13085,282,248,246,2,100,NoArchChanged
62,62,0,5744,5744,0,2,12,0,0,0,120,120,0,4052,4052,0,78,78,0,100,NoArchChanged
62,62,0,5744,5744,0,2,6,0,0,0,120,120,0,4010,4052,42,78,78,0,100,NoArchChanged
0,0,0,2873,2873,0,0,0,0,0,0,0,0,0,0,0,0,0,0,0,100,NoArchChanged
5455,5455,0,913296,913296,0,318,0,0,0,0,9832,9832,0,381164,381164,0,4997,4997,0,100,NoArchChanged
0,0,0,2873,2873,0,0,0,0,0,0,0,0,0,0,0,0,0,0,0,100,NoArchChanged
25,27,2,5744,5746,2,2,18,0,0,0,123,120,3,3768,3646,122,47,46,1,87.11683696,ArchChanged
0,0,0,2874,2874,0,0,0,0,0,0,0,0,0,0,0,0,0,0,0,100,NoArchChanged
0,0,0,2874,2874,0,0,0,0,0,0,0,0,0,0,0,0,0,0,0,100,NoArchChanged
0,0,0,2874,2874,0,0,0,0,0,0,0,0,0,0,0,0,0,0,0,100,NoArchChanged
0,0,0,2874,2874,0,0,0,0,0,0,0,0,0,0,0,0,0,0,0,100,NoArchChanged
0,0,0,2874,2874,0,0,0,0,0,0,0,0,0,0,0,0,0,0,0,100,NoArchChanged
10,10,0,2873,2873,0,1,2,0,0,0,48,48,0,1134,1118,16,5,5,0,100,NoArchChanged
217,276,59,25857,26298,441,9,1543,3,0,3,578,328,250,17930,9332,8598,271,128,143,87.87268332,ArchChanged
0,0,0,2923,2923,0,0,0,0,0,0,0,0,0,0,0,0,0,0,0,100,NoArchChanged
0,0,0,2923,2923,0,0,0,0,0,0,0,0,0,0,0,0,0,0,0,100,NoArchChanged
0,0,0,2923,2923,0,0,0,0,0,0,0,0,0,0,0,0,0,0,0,100,NoArchChanged
0,0,0,2923,2923,0,0,0,0,0,0,0,0,0,0,0,0,0,0,0,100,NoArchChanged
0,0,0,2923,2923,0,0,0,0,0,0,0,0,0,0,0,0,0,0,0,100,NoArchChanged
0,0,0,2923,2923,0,0,0,0,0,0,0,0,0,0,0,0,0,0,0,100,NoArchChanged
0,0,0,2923,2923,0,0,0,0,0,0,0,0,0,0,0,0,0,0,0,100,NoArchChanged
0,0,0,2923,2923,0,0,0,0,0,0,0,0,0,0,0,0,0,0,0,100,NoArchChanged
0,0,0,2923,2923,0,0,0,0,0,0,0,0,0,0,0,0,0,0,0,100,NoArchChanged
424,444,20,43830,43995,165,15,423,0,0,0,876,828,48,27124,24982,2142,379,360,19,90.66455696,ArchChanged
444,424,20,43995,43830,165,15,423,0,0,0,828,876,48,24982,27124,2142,360,379,19,90.66455696,ArchChanged
424,444,20,43830,43995,165,15,423,0,0,0,876,828,48,27124,24982,2142,379,360,19,90.66455696,ArchChanged
29,29,0,2933,2933,0,1,1,0,0,0,55,55,0,1383,1385,2,14,14,0,100,NoArchChanged
5716,5583,133,970823,953942,16881,331,1889,3,5,8,10064,10328,264,388925,398755,9830,5076,5242,166,86.44351464,ArchChanged
5583,5716,133,953942,970823,16881,331,1889,5,3,8,10328,10064,264,398755,388925,9830,5242,5076,166,86.44351464,ArchChanged
49,49,0,5866,5866,0,2,109,0,0,0,249,242,7,8703,7848,855,88,84,4,100,NoArchChanged
29,29,0,2933,2933,0,1,1,0,0,0,55,55,0,1385,1383,2,14,14,0,100,NoArchChanged
29,117,88,41062,41678,616,14,1251,12,0,12,129,55,74,5808,1418,4390,69,14,55,98.91122278,NoArchChanged
106,125,19,17862,17952,90,6,195,1,0,1,412,399,13,16045,14939,1106,254,241,13,89.30369128,ArchChanged
0,0,0,2993,2993,0,0,0,0,0,0,0,0,0,0,0,0,0,0,0,100,NoArchChanged
153,155,2,5984,5988,4,2,78,0,0,0,336,325,11,9174,8629,545,113,106,7,100,NoArchChanged
141,141,0,2994,2994,0,1,0,0,0,0,315,315,0,7122,7120,2,96,96,0,100,NoArchChanged
141,141,0,2994,2994,0,1,0,0,0,0,315,315,0,7120,7122,2,96,96,0,100,NoArchChanged
155,153,2,5988,5984,4,2,78,0,0,0,325,336,11,8629,9174,545,106,113,7,100,NoArchChanged
153,155,2,5984,5988,4,2,78,0,0,0,336,325,11,9174,8629,545,113,106,7,100,NoArchChanged
141,141,0,2994,2994,0,1,0,0,0,0,315,315,0,7122,7120,2,96,96,0,100,NoArchChanged
407,272,135,62874,61635,1239,21,1446,0,13,13,769,856,87,23477,28975,5498,351,419,68,88.33757422,ArchChanged
136,136,0,2935,2935,0,1,0,0,0,0,315,315,0,7122,7120,2,96,96,0,100,NoArchChanged
136,266,130,58700,59880,1180,20,1446,13,0,13,541,454,87,21853,16357,5496,323,255,68,88.33757422,ArchChanged
82,82,0,5988,5988,0,2,15,0,0,0,101,100,1,2683,2559,124,24,24,0,100,NoArchChanged
24,24,0,5988,5988,0,2,38,0,0,0,32,29,3,2598,2322,276,20,17,3,100,NoArchChanged
0,0,0,2995,2995,0,0,0,0,0,0,0,0,0,0,0,0,0,0,0,100,NoArchChanged
0,0,0,2995,2995,0,0,0,0,0,0,0,0,0,0,0,0,0,0,0,100,NoArchChanged
0,0,0,2995,2995,0,0,0,0,0,0,0,0,0,0,0,0,0,0,0,100,NoArchChanged
33,33,0,2994,2994,0,1,6,0,0,0,212,211,1,5002,4981,21,65,64,1,100,NoArchChanged
0,0,0,2995,2995,0,0,0,0,0,0,0,0,0,0,0,0,0,0,0,100,NoArchChanged
27,27,0,5988,5988,0,2,25,0,0,0,111,107,4,4351,4198,153,76,74,2,100,NoArchChanged
49,49,0,5988,5988,0,2,1,0,0,0,245,245,0,11372,11365,7,88,88,0,100,NoArchChanged
0,0,0,2995,2995,0,0,0,0,0,0,0,0,0,0,0,0,0,0,0,100,NoArchChanged
0,0,0,2995,2995,0,0,0,0,0,0,0,0,0,0,0,0,0,0,0,100,NoArchChanged
84,84,0,8982,8982,0,3,6,0,0,0,195,195,0,6775,6671,104,127,127,0,100,NoArchChanged
19,19,0,5988,5988,0,2,34,0,0,0,14,14,0,1868,1868,0,11,11,0,100,NoArchChanged
0,15,15,5988,6018,30,2,360,2,0,2,63,0,63,2370,0,2370,10,0,10,98.98175647,NoArchChanged
131,115,16,18054,17964,90,6,344,0,2,2,378,438,60,13181,15444,2263,172,182,10,98.98175647,NoArchChanged
0,0,0,2995,2995,0,0,0,0,0,0,0,0,0,0,0,0,0,0,0,100,NoArchChanged
0,0,0,2995,2995,0,0,0,0,0,0,0,0,0,0,0,0,0,0,0,100,NoArchChanged
0,0,0,2995,2995,0,0,0,0,0,0,0,0,0,0,0,0,0,0,0,100,NoArchChanged
0,0,0,2995,2995,0,0,0,0,0,0,0,0,0,0,0,0,0,0,0,100,NoArchChanged
0,0,0,2995,2995,0,0,0,0,0,0,0,0,0,0,0,0,0,0,0,100,NoArchChanged
0,0,0,2995,2995,0,0,0,0,0,0,0,0,0,0,0,0,0,0,0,100,NoArchChanged
154,156,2,5988,5990,2,2,67,0,0,0,360,356,4,11663,11060,603,126,125,1,99.95751912,NoArchChanged
317,317,0,5990,5990,0,2,20,0,0,0,471,470,1,16782,16581,201,218,217,1,100,NoArchChanged
26,26,0,5990,5990,0,2,11,0,0,0,116,114,2,5205,5169,36,41,41,0,100,NoArchChanged
80,89,9,11980,12004,24,4,111,1,0,1,149,141,8,5495,4980,515,98,90,8,99.83029275,NoArchChanged
40,42,2,9003,9006,3,3,95,1,0,1,109,100,9,4663,4233,430,65,57,8,98.93162393,NoArchChanged
12,12,0,3002,3002,0,1,8,0,0,0,21,19,2,976,929,47,16,16,0,100,NoArchChanged
156,156,0,6004,6004,0,2,122,0,0,0,364,360,4,12871,11663,1208,127,126,1,100,NoArchChanged
0,0,0,3003,3003,0,0,0,0,0,0,0,0,0,0,0,0,0,0,0,100,NoArchChanged
94,94,0,3002,3002,0,1,7,0,0,0,68,68,0,1573,1526,47,33,33,0,100,NoArchChanged
0,0,0,3003,3003,0,0,0,0,0,0,0,0,0,0,0,0,0,0,0,100,NoArchChanged
1120,946,174,117078,114465,2613,39,2028,0,15,15,2113,2242,129,77585,86960,9375,981,1074,93,87.4839812,ArchChanged
30,30,0,2935,2935,0,1,1,0,0,0,55,55,0,1383,1385,2,14,14,0,100,NoArchChanged
0,88,88,38155,38727,572,13,1250,12,0,12,74,0,74,4425,33,4392,55,0,55,98.91122278,NoArchChanged
106,125,19,17874,17964,90,6,195,1,0,1,412,399,13,16045,14939,1106,254,241,13,89.30369128,ArchChanged
0,0,0,2995,2995,0,0,0,0,0,0,0,0,0,0,0,0,0,0,0,100,NoArchChanged
0,0,0,2995,2995,0,0,0,0,0,0,0,0,0,0,0,0,0,0,0,100,NoArchChanged
82,82,0,5988,5988,0,2,15,0,0,0,101,100,1,2683,2559,124,24,24,0,100,NoArchChanged
24,24,0,5988,5988,0,2,38,0,0,0,32,29,3,2598,2322,276,20,17,3,100,NoArchChanged
0,0,0,2995,2995,0,0,0,0,0,0,0,0,0,0,0,0,0,0,0,100,NoArchChanged
0,0,0,2995,2995,0,0,0,0,0,0,0,0,0,0,0,0,0,0,0,100,NoArchChanged
0,0,0,2995,2995,0,0,0,0,0,0,0,0,0,0,0,0,0,0,0,100,NoArchChanged
33,33,0,2994,2994,0,1,6,0,0,0,212,211,1,5002,4981,21,65,64,1,100,NoArchChanged
0,0,0,2995,2995,0,0,0,0,0,0,0,0,0,0,0,0,0,0,0,100,NoArchChanged
27,27,0,5988,5988,0,2,25,0,0,0,111,107,4,4351,4198,153,76,74,2,100,NoArchChanged
49,49,0,5988,5988,0,2,1,0,0,0,245,245,0,11372,11365,7,88,88,0,100,NoArchChanged
0,0,0,2995,2995,0,0,0,0,0,0,0,0,0,0,0,0,0,0,0,100,NoArchChanged
0,0,0,2995,2995,0,0,0,0,0,0,0,0,0,0,0,0,0,0,0,100,NoArchChanged
84,84,0,8982,8982,0,3,6,0,0,0,195,195,0,6775,6671,104,127,127,0,100,NoArchChanged
19,19,0,5988,5988,0,2,34,0,0,0,14,14,0,1868,1868,0,11,11,0,100,NoArchChanged
115,115,0,11976,11976,0,4,16,0,0,0,378,375,3,13181,13074,107,172,172,0,100,NoArchChanged
0,0,0,2995,2995,0,0,0,0,0,0,0,0,0,0,0,0,0,0,0,100,NoArchChanged
0,0,0,2995,2995,0,0,0,0,0,0,0,0,0,0,0,0,0,0,0,100,NoArchChanged
0,0,0,2995,2995,0,0,0,0,0,0,0,0,0,0,0,0,0,0,0,100,NoArchChanged
0,0,0,2995,2995,0,0,0,0,0,0,0,0,0,0,0,0,0,0,0,100,NoArchChanged
0,0,0,2995,2995,0,0,0,0,0,0,0,0,0,0,0,0,0,0,0,100,NoArchChanged
154,156,2,5988,5990,2,2,67,0,0,0,360,356,4,11663,11060,603,126,125,1,99.95751912,NoArchChanged
317,317,0,5990,5990,0,2,20,0,0,0,471,470,1,16782,16581,201,218,217,1,100,NoArchChanged
26,26,0,5990,5990,0,2,11,0,0,0,116,114,2,5205,5169,36,41,41,0,100,NoArchChanged
80,89,9,11980,12004,24,4,111,1,0,1,149,141,8,5495,4980,515,98,90,8,99.83029275,NoArchChanged
40,42,2,9003,9006,3,3,95,1,0,1,109,100,9,4663,4233,430,65,57,8,98.93162393,NoArchChanged
12,12,0,3002,3002,0,1,8,0,0,0,21,19,2,976,929,47,16,16,0,100,NoArchChanged
156,156,0,6004,6004,0,2,122,0,0,0,364,360,4,12871,11663,1208,127,126,1,100,NoArchChanged
0,0,0,3003,3003,0,0,0,0,0,0,0,0,0,0,0,0,0,0,0,100,NoArchChanged
94,94,0,3002,3002,0,1,7,0,0,0,68,68,0,1573,1526,47,33,33,0,100,NoArchChanged
0,0,0,3003,3003,0,0,0,0,0,0,0,0,0,0,0,0,0,0,0,100,NoArchChanged
0,0,0,3003,3003,0,0,0,0,0,0,0,0,0,0,0,0,0,0,0,100,NoArchChanged
0,0,0,3003,3003,0,0,0,0,0,0,0,0,0,0,0,0,0,0,0,100,NoArchChanged
0,0,0,3003,3003,0,0,0,0,0,0,0,0,0,0,0,0,0,0,0,100,NoArchChanged
0,0,0,3003,3003,0,0,0,0,0,0,0,0,0,0,0,0,0,0,0,100,NoArchChanged
94,94,0,3002,3002,0,1,2,0,0,0,69,68,1,1586,1573,13,33,33,0,100,NoArchChanged
0,0,0,3003,3003,0,0,0,0,0,0,0,0,0,0,0,0,0,0,0,100,NoArchChanged
0,0,0,3003,3003,0,0,0,0,0,0,0,0,0,0,0,0,0,0,0,100,NoArchChanged
0,0,0,3003,3003,0,0,0,0,0,0,0,0,0,0,0,0,0,0,0,100,NoArchChanged
0,0,0,3003,3003,0,0,0,0,0,0,0,0,0,0,0,0,0,0,0,100,NoArchChanged
0,0,0,3003,3003,0,0,0,0,0,0,0,0,0,0,0,0,0,0,0,100,NoArchChanged
0,0,0,3003,3003,0,0,0,0,0,0,0,0,0,0,0,0,0,0,0,100,NoArchChanged
71,71,0,9006,9006,0,3,29,0,0,0,137,136,1,6520,6248,272,94,93,1,100,NoArchChanged
71,71,0,9006,9006,0,3,93,0,0,0,145,137,8,7004,6520,484,98,94,4,100,NoArchChanged
2,2,0,3002,3002,0,1,0,0,0,0,2,2,0,227,224,3,1,1,0,100,NoArchChanged
20,20,0,3002,3002,0,1,4,0,0,0,116,116,0,3434,3414,20,41,41,0,100,NoArchChanged
155,154,1,6004,6002,2,2,38,0,0,0,356,349,7,9109,8886,223,127,121,6,99.9137931,NoArchChanged
0,15,15,6002,6032,30,2,360,2,0,2,63,0,63,2370,0,2370,10,0,10,98.03921569,NoArchChanged
141,126,15,18096,18006,90,6,234,0,2,2,93,145,52,6241,7802,1561,46,52,6,98.03921569,NoArchChanged
344,344,0,21007,21007,0,7,9,0,0,0,531,522,9,12550,12481,69,249,249,0,100,NoArchChanged
0,0,0,3002,3002,0,0,0,0,0,0,0,0,0,0,0,0,0,0,0,100,NoArchChanged
0,0,0,3002,3002,0,0,0,0,0,0,0,0,0,0,0,0,0,0,0,100,NoArchChanged
0,0,0,3002,3002,0,0,0,0,0,0,0,0,0,0,0,0,0,0,0,100,NoArchChanged
0,0,0,3002,3002,0,0,0,0,0,0,0,0,0,0,0,0,0,0,0,100,NoArchChanged
0,0,0,3002,3002,0,0,0,0,0,0,0,0,0,0,0,0,0,0,0,100,NoArchChanged
0,0,0,3002,3002,0,0,0,0,0,0,0,0,0,0,0,0,0,0,0,100,NoArchChanged
0,0,0,3002,3002,0,0,0,0,0,0,0,0,0,0,0,0,0,0,0,100,NoArchChanged
0,0,0,3002,3002,0,0,0,0,0,0,0,0,0,0,0,0,0,0,0,100,NoArchChanged
0,0,0,3002,3002,0,0,0,0,0,0,0,0,0,0,0,0,0,0,0,100,NoArchChanged
736,738,2,57019,57038,19,19,290,0,0,0,1221,1256,35,37132,38994,1862,558,572,14,99.9137931,NoArchChanged
738,736,2,57038,57019,19,19,290,0,0,0,1256,1221,35,38994,37132,1862,572,558,14,99.9137931,NoArchChanged
490,524,34,54018,54468,450,18,613,6,0,6,733,637,96,22248,19220,3028,321,305,16,97.37171464,ArchChanged
524,490,34,54468,54018,450,18,613,0,6,6,637,733,96,19220,22248,3028,305,321,16,97.37171464,ArchChanged
0,0,0,3002,3002,0,0,0,0,0,0,0,0,0,0,0,0,0,0,0,100,NoArchChanged
0,0,0,3002,3002,0,0,0,0,0,0,0,0,0,0,0,0,0,0,0,100,NoArchChanged
0,0,0,3002,3002,0,0,0,0,0,0,0,0,0,0,0,0,0,0,0,100,NoArchChanged
736,738,2,57019,57038,19,19,290,0,0,0,1221,1256,35,37132,38994,1862,558,572,14,99.9137931,NoArchChanged
738,736,2,57038,57019,19,19,290,0,0,0,1256,1221,35,38994,37132,1862,572,558,14,99.9137931,NoArchChanged
0,0,0,3002,3002,0,0,0,0,0,0,0,0,0,0,0,0,0,0,0,100,NoArchChanged
0,0,0,3002,3002,0,0,0,0,0,0,0,0,0,0,0,0,0,0,0,100,NoArchChanged
0,0,0,3002,3002,0,0,0,0,0,0,0,0,0,0,0,0,0,0,0,100,NoArchChanged
11,11,0,3001,3001,0,1,9,0,0,0,52,50,2,3630,3569,61,31,31,0,100,NoArchChanged
0,0,0,3002,3002,0,0,0,0,0,0,0,0,0,0,0,0,0,0,0,100,NoArchChanged
0,0,0,3002,3002,0,0,0,0,0,0,0,0,0,0,0,0,0,0,0,100,NoArchChanged
0,0,0,3002,3002,0,0,0,0,0,0,0,0,0,0,0,0,0,0,0,100,NoArchChanged
35,38,3,9003,9009,6,3,24,1,0,1,353,350,3,10305,10096,209,286,285,1,99.91386736,NoArchChanged
0,0,0,3004,3004,0,0,0,0,0,0,0,0,0,0,0,0,0,0,0,100,NoArchChanged
38,35,3,9009,9003,6,3,24,0,1,1,350,353,3,10096,10305,209,285,286,1,99.91386736,NoArchChanged
35,38,3,9003,9009,6,3,24,1,0,1,353,350,3,10305,10096,209,286,285,1,99.91386736,NoArchChanged
748,750,2,60060,60080,20,20,299,0,0,0,1271,1308,37,40701,42624,1923,589,603,14,99.91394148,NoArchChanged
752,782,30,78104,78676,572,26,1013,5,0,5,1424,1272,152,46540,40841,5699,623,590,33,97.29053772,ArchChanged
29,2,27,18156,18018,138,6,714,0,5,5,1,116,115,140,3916,3776,1,20,19,97.37390579,ArchChanged
0,0,0,3004,3004,0,0,0,0,0,0,0,0,0,0,0,0,0,0,0,100,NoArchChanged
748,750,2,60060,60080,20,20,299,0,0,0,1271,1308,37,40701,42624,1923,589,603,14,99.91394148,NoArchChanged
752,815,63,90120,91320,1200,30,1360,9,0,9,1458,1272,186,48129,40841,7288,645,590,55,96.89054726,ArchChanged
2,2,0,3044,3044,0,1,0,0,0,0,1,1,0,140,140,0,1,1,0,100,NoArchChanged
815,752,63,91320,90120,1200,30,1343,0,9,9,1272,1458,186,40841,48129,7288,590,645,55,96.89054726,ArchChanged
0,0,0,3005,3005,0,0,0,0,0,0,0,0,0,0,0,0,0,0,0,100,NoArchChanged
752,750,2,63084,63063,21,21,282,0,0,0,1309,1272,37,42764,40841,1923,604,590,14,99.91394148,NoArchChanged
0,0,0,3004,3004,0,0,0,0,0,0,0,0,0,0,0,0,0,0,0,100,NoArchChanged
0,57,57,27027,27396,369,9,1049,9,0,9,149,0,149,5321,0,5321,41,0,41,96.973466,ArchChanged
0,0,0,3045,3045,0,0,0,0,0,0,0,0,0,0,0,0,0,0,0,100,NoArchChanged
0,0,0,3045,3045,0,0,0,0,0,0,0,0,0,0,0,0,0,0,0,100,NoArchChanged
57,69,12,33484,33517,33,11,274,2,2,4,181,149,32,6911,5321,1590,67,41,26,99.59935897,NoArchChanged
0,0,0,3048,3048,0,0,0,0,0,0,0,0,0,0,0,0,0,0,0,100,NoArchChanged
0,0,0,3048,3048,0,0,0,0,0,0,0,0,0,0,0,0,0,0,0,100,NoArchChanged
0,0,0,3048,3048,0,0,0,0,0,0,0,0,0,0,0,0,0,0,0,100,NoArchChanged
32,32,0,9141,9141,0,3,2,0,0,0,107,107,0,3033,3053,20,26,26,0,100,NoArchChanged
0,0,0,3048,3048,0,0,0,0,0,0,0,0,0,0,0,0,0,0,0,100,NoArchChanged
32,32,0,9141,9141,0,3,2,0,0,0,107,107,0,3053,3033,20,26,26,0,100,NoArchChanged
32,32,0,9141,9141,0,3,2,0,0,0,107,107,0,3033,3053,20,26,26,0,100,NoArchChanged
0,0,0,3048,3048,0,0,0,0,0,0,0,0,0,0,0,0,0,0,0,100,NoArchChanged
0,0,0,3048,3048,0,0,0,0,0,0,0,0,0,0,0,0,0,0,0,100,NoArchChanged
0,0,0,3048,3048,0,0,0,0,0,0,0,0,0,0,0,0,0,0,0,100,NoArchChanged
0,0,0,3048,3048,0,0,0,0,0,0,0,0,0,0,0,0,0,0,0,100,NoArchChanged
17,17,0,6094,6094,0,2,61,0,0,0,56,50,6,2500,2011,489,41,36,5,100,NoArchChanged
0,0,0,3048,3048,0,0,0,0,0,0,0,0,0,0,0,0,0,0,0,100,NoArchChanged
21,21,0,6094,6094,0,2,46,0,0,0,20,15,5,1334,1093,241,12,8,4,100,NoArchChanged
93,93,0,6094,6094,0,2,31,0,0,0,361,354,7,13465,13338,127,144,139,5,100,NoArchChanged
95,96,1,9141,9144,3,3,41,0,0,0,366,361,5,13797,13547,250,147,144,3,99.14250715,NoArchChanged
196,196,0,24384,24384,0,8,50,0,0,0,408,402,6,12686,12488,198,150,150,0,100,NoArchChanged
317,317,0,3048,3048,0,1,0,0,0,0,439,439,0,9653,9653,0,186,186,0,100,NoArchChanged
317,317,0,3048,3048,0,1,0,0,0,0,439,439,0,9653,9653,0,186,186,0,100,NoArchChanged
340,340,0,6096,6096,0,2,1,0,0,0,528,528,0,16481,16488,7,260,260,0,100,NoArchChanged
0,0,0,3049,3049,0,0,0,0,0,0,0,0,0,0,0,0,0,0,0,100,NoArchChanged
0,0,0,3049,3049,0,0,0,0,0,0,0,0,0,0,0,0,0,0,0,100,NoArchChanged
0,0,0,3049,3049,0,0,0,0,0,0,0,0,0,0,0,0,0,0,0,100,NoArchChanged
0,0,0,3049,3049,0,0,0,0,0,0,0,0,0,0,0,0,0,0,0,100,NoArchChanged
3,3,0,3048,3048,0,1,1,0,0,0,17,17,0,501,512,11,11,11,0,100,NoArchChanged
48,48,0,3048,3048,0,1,0,0,0,0,26,26,0,694,689,5,17,17,0,100,NoArchChanged
143,143,0,3048,3048,0,1,18,0,0,0,315,321,6,7194,7336,142,94,96,2,100,NoArchChanged
63,63,0,6096,6096,0,2,10,0,0,0,25,25,0,1052,1070,18,17,17,0,100,NoArchChanged
52,52,0,6096,6096,0,2,23,0,0,0,200,197,3,6891,6758,133,107,106,1,100,NoArchChanged
0,0,0,3049,3049,0,0,0,0,0,0,0,0,0,0,0,0,0,0,0,100,NoArchChanged
62,62,0,3048,3048,0,1,0,0,0,0,65,65,0,1769,1769,0,35,35,0,100,NoArchChanged
27,39,12,9144,9180,36,3,323,1,0,1,136,116,20,7671,5205,2466,59,41,18,99.95843724,NoArchChanged
318,318,0,3060,3060,0,1,0,0,0,0,439,439,0,9658,9653,5,186,186,0,100,NoArchChanged
17,17,0,6120,6120,0,2,1,0,0,0,57,57,0,5930,5930,0,35,35,0,100,NoArchChanged
40,96,56,30600,30890,290,10,925,7,0,7,194,134,60,12533,6932,5601,88,55,33,99.25373134,NoArchChanged
62,62,0,12356,12356,0,4,116,0,0,0,196,184,12,11722,10788,934,71,62,9,100,NoArchChanged
0,0,0,3090,3090,0,0,0,0,0,0,0,0,0,0,0,0,0,0,0,100,NoArchChanged
3,3,0,3089,3089,0,1,3,0,0,0,7,6,1,570,574,4,3,3,0,100,NoArchChanged
11,11,0,3089,3089,0,1,1,0,0,0,77,77,0,1833,1813,20,43,43,0,100,NoArchChanged
43,39,4,15445,15425,20,5,25,0,0,0,43,39,4,2431,2294,137,30,28,2,99.58609272,NoArchChanged
88,95,7,30850,30890,40,10,396,1,0,1,193,173,20,12385,9727,2658,82,72,10,99.83450559,NoArchChanged
95,88,7,30890,30850,40,10,396,0,1,1,173,193,20,9727,12385,2658,72,82,10,99.83450559,NoArchChanged
88,95,7,30850,30890,40,10,396,1,0,1,193,173,20,12385,9727,2658,82,72,10,99.83450559,NoArchChanged
107,116,9,18534,18552,18,6,46,1,0,1,183,176,7,8935,8636,299,115,113,2,99.91742362,NoArchChanged
70,70,0,6184,6184,0,2,22,0,0,0,132,132,0,4606,4606,0,86,86,0,100,NoArchChanged
212,203,9,27828,27801,27,9,39,0,1,1,546,549,3,22662,22737,75,262,262,0,99.91742362,NoArchChanged
203,212,9,27801,27828,27,9,39,1,0,1,549,546,3,22737,22662,75,262,262,0,99.91742362,NoArchChanged
212,203,9,27828,27801,27,9,36,0,1,1,547,549,2,22710,22737,27,262,262,0,99.91742362,NoArchChanged
212,221,9,33979,34012,33,11,71,1,0,1,584,582,2,23924,23897,27,271,271,0,99.91742362,NoArchChanged
221,212,9,34012,33979,33,11,70,0,1,1,582,584,2,23897,23924,27,271,271,0,99.91742362,NoArchChanged
374,398,24,46335,46500,165,15,289,2,0,2,997,981,16,36435,35910,525,429,422,7,99.71134021,NoArchChanged
96,96,0,9300,9300,0,3,33,0,0,0,371,366,5,14074,13802,272,149,147,2,100,NoArchChanged
589,507,82,108500,107100,1400,35,1815,0,10,10,1377,1500,123,52250,62665,10415,579,644,65,98.55252275,NoArchChanged
518,600,82,113220,114700,1480,37,1817,10,0,10,1500,1377,123,62743,52328,10415,644,579,65,98.55252275,NoArchChanged
69,69,0,18600,18600,0,6,34,0,0,0,140,140,0,4032,4032,0,33,33,0,100,NoArchChanged
52,52,0,12400,12400,0,4,6,0,0,0,90,90,0,2270,2270,0,17,17,0,100,NoArchChanged
0,0,0,3101,3101,0,0,0,0,0,0,0,0,0,0,0,0,0,0,0,100,NoArchChanged
0,0,0,3101,3101,0,0,0,0,0,0,0,0,0,0,0,0,0,0,0,100,NoArchChanged
0,0,0,3101,3101,0,0,0,0,0,0,0,0,0,0,0,0,0,0,0,100,NoArchChanged
1126,1126,0,124000,124000,0,40,0,0,0,0,2091,2091,0,67061,67061,0,1084,1084,0,100,NoArchChanged
80,80,0,18600,18600,0,6,0,0,0,0,294,294,0,13971,13971,0,185,185,0,100,NoArchChanged
0,0,0,3101,3101,0,0,0,0,0,0,0,0,0,0,0,0,0,0,0,100,NoArchChanged
4493,4490,3,812200,811938,262,262,4,0,0,0,8408,8413,5,372830,375162,2332,4162,4162,0,99.91786448,NoArchChanged
8432,8432,0,1602183,1602183,0,517,0,0,0,0,10147,10147,0,453604,453604,0,5341,5341,0,100,NoArchChanged
512,483,29,139455,138420,1035,45,173,0,0,0,1600,1600,0,71633,73162,1529,805,805,0,90.36850921,ArchChanged
183,183,0,43064,43064,0,14,3,0,0,0,300,300,0,20666,20748,82,216,216,0,100,NoArchChanged
115,115,0,27684,27684,0,9,0,0,0,0,465,465,0,19709,19740,31,364,364,0,100,NoArchChanged
350,350,0,6152,6152,0,2,8,0,0,0,448,446,2,10337,10291,46,193,192,1,100,NoArchChanged
71,76,5,9228,9240,12,3,96,1,0,1,106,97,9,3216,2880,336,62,58,4,98.85198852,NoArchChanged
0,0,0,3081,3081,0,0,0,0,0,0,0,0,0,0,0,0,0,0,0,100,NoArchChanged
28,28,0,6160,6160,0,2,24,0,0,0,118,115,3,5896,5744,152,80,78,2,100,NoArchChanged
17,24,7,6160,6168,8,2,73,0,0,0,42,31,11,2657,2244,413,40,29,11,99.92125984,NoArchChanged
0,0,0,3085,3085,0,0,0,0,0,0,0,0,0,0,0,0,0,0,0,100,NoArchChanged
0,0,0,3085,3085,0,0,0,0,0,0,0,0,0,0,0,0,0,0,0,100,NoArchChanged
0,0,0,3085,3085,0,0,0,0,0,0,0,0,0,0,0,0,0,0,0,100,NoArchChanged
198,198,0,12336,12336,0,4,22,0,0,0,549,544,5,21662,21528,134,211,209,2,100,NoArchChanged
198,198,0,12336,12336,0,4,22,0,0,0,544,549,5,21528,21662,134,209,211,2,100,NoArchChanged
198,198,0,12336,12336,0,4,22,0,0,0,549,544,5,21662,21528,134,211,209,2,100,NoArchChanged
0,0,0,3085,3085,0,0,0,0,0,0,0,0,0,0,0,0,0,0,0,100,NoArchChanged
343,343,0,6168,6168,0,2,6,0,0,0,447,445,2,11137,11095,42,192,191,1,100,NoArchChanged
0,0,0,3085,3085,0,0,0,0,0,0,0,0,0,0,0,0,0,0,0,100,NoArchChanged
11,11,0,3084,3084,0,1,7,0,0,0,89,88,1,2174,2138,36,24,24,0,100,NoArchChanged
0,0,0,3085,3085,0,0,0,0,0,0,0,0,0,0,0,0,0,0,0,100,NoArchChanged
0,0,0,3085,3085,0,0,0,0,0,0,0,0,0,0,0,0,0,0,0,100,NoArchChanged
42,43,1,6168,6170,2,2,290,0,0,0,346,337,9,18627,16076,2551,321,312,9,100,NoArchChanged
0,0,0,3086,3086,0,0,0,0,0,0,0,0,0,0,0,0,0,0,0,100,NoArchChanged
43,42,1,6170,6168,2,2,290,0,0,0,337,346,9,16076,18627,2551,312,321,9,100,NoArchChanged
42,43,1,6168,6170,2,2,290,0,0,0,346,337,9,18627,16076,2551,321,312,9,100,NoArchChanged
0,0,0,3086,3086,0,0,0,0,0,0,0,0,0,0,0,0,0,0,0,100,NoArchChanged
0,0,0,3086,3086,0,0,0,0,0,0,0,0,0,0,0,0,0,0,0,100,NoArchChanged
0,66,66,27765,28224,459,9,1149,9,0,9,121,0,121,5766,0,5766,72,0,72,98.95913647,NoArchChanged
533,487,46,56448,55800,648,18,901,1,9,10,1148,1246,98,42546,46360,3814,608,669,61,90.46372476,ArchChanged
0,66,66,27900,28359,459,9,1149,9,0,9,121,0,121,5766,0,5766,72,0,72,98.9427634,NoArchChanged
0,0,0,3152,3152,0,0,0,0,0,0,0,0,0,0,0,0,0,0,0,100,NoArchChanged
0,0,0,3152,3152,0,0,0,0,0,0,0,0,0,0,0,0,0,0,0,100,NoArchChanged
34,34,0,3151,3151,0,1,0,0,0,0,305,305,0,9012,9012,0,282,282,0,100,NoArchChanged
0,0,0,3152,3152,0,0,0,0,0,0,0,0,0,0,0,0,0,0,0,100,NoArchChanged
0,0,0,3152,3152,0,0,0,0,0,0,0,0,0,0,0,0,0,0,0,100,NoArchChanged
89,103,14,18906,18948,42,6,184,2,0,2,81,64,17,4634,3810,824,46,35,11,95.40186916,ArchChanged
0,0,0,3159,3159,0,0,0,0,0,0,0,0,0,0,0,0,0,0,0,100,NoArchChanged
0,0,0,3159,3159,0,0,0,0,0,0,0,0,0,0,0,0,0,0,0,100,NoArchChanged
0,0,0,3159,3159,0,0,0,0,0,0,0,0,0,0,0,0,0,0,0,100,NoArchChanged
0,0,0,3159,3159,0,0,0,0,0,0,0,0,0,0,0,0,0,0,0,100,NoArchChanged
0,0,0,3159,3159,0,0,0,0,0,0,0,0,0,0,0,0,0,0,0,100,NoArchChanged
0,0,0,3159,3159,0,0,0,0,0,0,0,0,0,0,0,0,0,0,0,100,NoArchChanged
0,0,0,3159,3159,0,0,0,0,0,0,0,0,0,0,0,0,0,0,0,100,NoArchChanged
148,184,36,56844,57366,522,18,1637,3,0,3,675,486,189,27002,18095,8907,342,211,131,99.37718957,NoArchChanged
0,0,0,3188,3188,0,0,0,0,0,0,0,0,0,0,0,0,0,0,0,100,NoArchChanged
0,0,0,3188,3188,0,0,0,0,0,0,0,0,0,0,0,0,0,0,0,100,NoArchChanged
0,0,0,3188,3188,0,0,0,0,0,0,0,0,0,0,0,0,0,0,0,100,NoArchChanged
0,0,0,3188,3188,0,0,0,0,0,0,0,0,0,0,0,0,0,0,0,100,NoArchChanged
0,0,0,3188,3188,0,0,0,0,0,0,0,0,0,0,0,0,0,0,0,100,NoArchChanged
0,0,0,3188,3188,0,0,0,0,0,0,0,0,0,0,0,0,0,0,0,100,NoArchChanged
0,0,0,3188,3188,0,0,0,0,0,0,0,0,0,0,0,0,0,0,0,100,NoArchChanged
184,148,36,57366,56844,522,18,1637,0,3,3,486,675,189,18095,27002,8907,211,342,131,99.37718957,NoArchChanged
0,0,0,3159,3159,0,0,0,0,0,0,0,0,0,0,0,0,0,0,0,100,NoArchChanged
148,184,36,56844,57366,522,18,1637,3,0,3,675,486,189,27002,18095,8907,342,211,131,99.37718957,NoArchChanged
0,0,0,3188,3188,0,0,0,0,0,0,0,0,0,0,0,0,0,0,0,100,NoArchChanged
0,0,0,3188,3188,0,0,0,0,0,0,0,0,0,0,0,0,0,0,0,100,NoArchChanged
0,0,0,3188,3188,0,0,0,0,0,0,0,0,0,0,0,0,0,0,0,100,NoArchChanged
0,0,0,3188,3188,0,0,0,0,0,0,0,0,0,0,0,0,0,0,0,100,NoArchChanged
0,0,0,3188,3188,0,0,0,0,0,0,0,0,0,0,0,0,0,0,0,100,NoArchChanged
0,0,0,3188,3188,0,0,0,0,0,0,0,0,0,0,0,0,0,0,0,100,NoArchChanged
0,0,0,3188,3188,0,0,0,0,0,0,0,0,0,0,0,0,0,0,0,100,NoArchChanged
0,0,0,3188,3188,0,0,0,0,0,0,0,0,0,0,0,0,0,0,0,100,NoArchChanged
0,0,0,3188,3188,0,0,0,0,0,0,0,0,0,0,0,0,0,0,0,100,NoArchChanged
0,0,0,3188,3188,0,0,0,0,0,0,0,0,0,0,0,0,0,0,0,100,NoArchChanged
0,0,0,3188,3188,0,0,0,0,0,0,0,0,0,0,0,0,0,0,0,100,NoArchChanged
0,0,0,3188,3188,0,0,0,0,0,0,0,0,0,0,0,0,0,0,0,100,NoArchChanged
0,0,0,3188,3188,0,0,0,0,0,0,0,0,0,0,0,0,0,0,0,100,NoArchChanged
14,14,0,3187,3187,0,1,2,0,0,0,12,12,0,2225,2179,46,10,10,0,100,NoArchChanged
402,439,37,38244,38508,264,12,396,1,0,1,909,834,75,28787,26307,2480,334,312,22,99.92242048,NoArchChanged
0,0,0,3210,3210,0,0,0,0,0,0,0,0,0,0,0,0,0,0,0,100,NoArchChanged
0,0,0,3210,3210,0,0,0,0,0,0,0,0,0,0,0,0,0,0,0,100,NoArchChanged
22,22,0,3209,3209,0,1,58,0,0,0,312,290,22,10519,9998,521,181,181,0,100,NoArchChanged
0,0,0,3210,3210,0,0,0,0,0,0,0,0,0,0,0,0,0,0,0,100,NoArchChanged
0,0,0,3210,3210,0,0,0,0,0,0,0,0,0,0,0,0,0,0,0,100,NoArchChanged
0,0,0,3210,3210,0,0,0,0,0,0,0,0,0,0,0,0,0,0,0,100,NoArchChanged
0,0,0,3210,3210,0,0,0,0,0,0,0,0,0,0,0,0,0,0,0,100,NoArchChanged
0,0,0,3210,3210,0,0,0,0,0,0,0,0,0,0,0,0,0,0,0,100,NoArchChanged
21,21,0,6418,6418,0,2,2,0,0,0,11,11,0,726,694,32,6,6,0,100,NoArchChanged
22,22,0,3209,3209,0,1,7,0,0,0,313,312,1,10571,10519,52,181,181,0,100,NoArchChanged
981,981,0,83434,83434,0,26,65,0,0,0,2604,2603,1,89768,89384,384,1153,1153,0,100,NoArchChanged
0,0,0,3210,3210,0,0,0,0,0,0,0,0,0,0,0,0,0,0,0,100,NoArchChanged
905,926,21,51344,51520,176,16,130,1,0,1,1947,1932,15,52383,51624,759,706,692,14,95.06454062,ArchChanged
435,435,0,41860,41860,0,13,12,0,1,1,970,962,8,29384,29449,65,338,335,3,99.92553984,NoArchChanged
28,28,0,3220,3220,0,1,2,0,0,0,149,149,0,7653,7625,28,99,99,0,100,NoArchChanged
1103,1067,36,312340,310497,1843,97,340,0,1,1,2399,2409,10,166047,168505,2458,1507,1509,2,95.49005682,ArchChanged
0,0,0,3202,3202,0,0,0,0,0,0,0,0,0,0,0,0,0,0,0,100,NoArchChanged
427,428,1,9603,9606,3,3,72,0,0,0,614,605,9,14625,14303,322,268,263,5,99.8982706,NoArchChanged
0,0,0,3203,3203,0,0,0,0,0,0,0,0,0,0,0,0,0,0,0,100,NoArchChanged
0,0,0,3203,3203,0,0,0,0,0,0,0,0,0,0,0,0,0,0,0,100,NoArchChanged
7,7,0,3202,3202,0,1,11,0,0,0,24,23,1,1114,1038,76,7,7,0,100,NoArchChanged
34,34,0,3202,3202,0,1,80,0,0,0,222,243,21,5107,5477,370,74,78,4,100,NoArchChanged
9,5,4,9606,9594,12,3,32,1,2,3,5,6,1,398,525,127,3,2,1,90.27088897,ArchChanged
0,0,0,3199,3199,0,0,0,0,0,0,0,0,0,0,0,0,0,0,0,100,NoArchChanged
0,0,0,3199,3199,0,0,0,0,0,0,0,0,0,0,0,0,0,0,0,100,NoArchChanged
161,161,0,6396,6396,0,2,47,0,0,0,360,359,1,13154,12659,495,126,125,1,100,NoArchChanged
24,24,0,3198,3198,0,1,0,0,0,0,47,47,0,1470,1470,0,17,17,0,100,NoArchChanged
14,14,0,3198,3198,0,1,1,0,0,0,45,45,0,5952,5961,9,32,32,0,100,NoArchChanged
165,178,13,25584,25632,48,8,84,3,0,3,319,316,3,9377,9221,156,164,161,3,90.29618083,ArchChanged
58,58,0,3204,3204,0,1,33,0,0,0,27,31,4,671,865,194,18,20,2,100,NoArchChanged
58,59,1,3204,3205,1,1,21,0,0,0,30,27,3,793,671,122,19,18,1,100,NoArchChanged
0,0,0,3206,3206,0,0,0,0,0,0,0,0,0,0,0,0,0,0,0,100,NoArchChanged
0,0,0,3206,3206,0,0,0,0,0,0,0,0,0,0,0,0,0,0,0,100,NoArchChanged
127,128,1,22435,22442,7,7,37,0,0,0,79,81,2,2679,2836,157,54,56,2,100,NoArchChanged
0,0,0,3207,3207,0,0,0,0,0,0,0,0,0,0,0,0,0,0,0,100,NoArchChanged
0,0,0,3207,3207,0,0,0,0,0,0,0,0,0,0,0,0,0,0,0,100,NoArchChanged
0,0,0,3207,3207,0,0,0,0,0,0,0,0,0,0,0,0,0,0,0,100,NoArchChanged
0,0,0,3207,3207,0,0,0,0,0,0,0,0,0,0,0,0,0,0,0,100,NoArchChanged
0,0,0,3207,3207,0,0,0,0,0,0,0,0,0,0,0,0,0,0,0,100,NoArchChanged
2,2,0,3206,3206,0,1,33,0,0,0,6,5,1,561,398,163,4,3,1,100,NoArchChanged
0,0,0,3207,3207,0,0,0,0,0,0,0,0,0,0,0,0,0,0,0,100,NoArchChanged
10,10,0,3206,3206,0,1,33,0,0,0,15,15,0,1893,1945,52,12,12,0,100,NoArchChanged
0,0,0,3207,3207,0,0,0,0,0,0,0,0,0,0,0,0,0,0,0,100,NoArchChanged
0,0,0,3207,3207,0,0,0,0,0,0,0,0,0,0,0,0,0,0,0,100,NoArchChanged
22,22,0,3206,3206,0,1,1,0,0,0,313,313,0,10587,10571,16,181,181,0,100,NoArchChanged
455,450,5,19236,19206,30,6,25,0,0,0,681,681,0,25307,25527,220,321,320,1,100,NoArchChanged
126,126,0,12804,12804,0,4,35,0,0,0,264,258,6,7727,7558,169,81,79,2,100,NoArchChanged
0,0,0,3202,3202,0,0,0,0,0,0,0,0,0,0,0,0,0,0,0,100,NoArchChanged
0,0,0,3202,3202,0,0,0,0,0,0,0,0,0,0,0,0,0,0,0,100,NoArchChanged
217,172,45,44814,44604,210,14,225,0,2,2,311,361,50,19471,20964,1493,180,189,9,93.59831164,ArchChanged
0,0,0,3187,3187,0,0,0,0,0,0,0,0,0,0,0,0,0,0,0,100,NoArchChanged
14,14,0,3186,3186,0,1,4,0,0,0,12,12,0,2264,2274,10,10,10,0,100,NoArchChanged
70,70,0,19116,19116,0,6,108,0,0,0,286,280,6,9850,9465,385,106,100,6,100,NoArchChanged
371,371,0,9558,9558,0,3,170,0,0,0,537,508,29,16115,15198,917,244,226,18,100,NoArchChanged
94,98,4,9558,9564,6,3,51,1,0,1,379,376,3,14190,13985,205,155,154,1,99.92977528,NoArchChanged
2,2,0,3188,3188,0,1,17,0,0,0,0,0,0,76,76,0,0,0,0,100,NoArchChanged
0,0,0,3189,3189,0,0,0,0,0,0,0,0,0,0,0,0,0,0,0,100,NoArchChanged
22,22,0,3188,3188,0,1,119,0,0,0,332,313,19,11311,10587,724,191,181,10,100,NoArchChanged
0,0,0,3189,3189,0,0,0,0,0,0,0,0,0,0,0,0,0,0,0,100,NoArchChanged
0,0,0,3189,3189,0,0,0,0,0,0,0,0,0,0,0,0,0,0,0,100,NoArchChanged
0,0,0,3189,3189,0,0,0,0,0,0,0,0,0,0,0,0,0,0,0,100,NoArchChanged
1,1,0,3188,3188,0,1,0,0,0,0,20,20,0,897,897,0,10,10,0,100,NoArchChanged
34,34,0,3188,3188,0,1,0,0,0,0,305,305,0,9018,9018,0,282,282,0,100,NoArchChanged
165,165,0,19128,19128,0,6,168,0,0,0,505,447,58,14773,13363,1410,188,186,2,100,NoArchChanged
0,0,0,3189,3189,0,0,0,0,0,0,0,0,0,0,0,0,0,0,0,100,NoArchChanged
159,159,0,6376,6376,0,2,7,0,0,0,361,360,1,13199,13145,54,127,126,1,100,NoArchChanged
0,0,0,3189,3189,0,0,0,0,0,0,0,0,0,0,0,0,0,0,0,100,NoArchChanged
94,94,0,6376,6376,0,2,16,0,0,0,182,180,2,6258,6230,28,94,92,2,100,NoArchChanged
334,337,3,6376,6380,4,2,119,1,0,1,461,458,3,10812,10137,675,195,193,2,99.54513646,NoArchChanged
2,2,0,3190,3190,0,1,17,0,0,0,2,2,0,641,641,0,2,2,0,100,NoArchChanged
0,0,0,3191,3191,0,0,0,0,0,0,0,0,0,0,0,0,0,0,0,100,NoArchChanged
15,25,10,9570,9597,27,3,110,1,0,1,106,89,17,4070,3470,600,48,39,9,99.75652174,NoArchChanged
22,24,2,6398,6402,4,2,67,0,0,0,40,28,12,2373,1913,460,29,22,7,100,NoArchChanged
0,0,0,3202,3202,0,0,0,0,0,0,0,0,0,0,0,0,0,0,0,100,NoArchChanged
0,0,0,3202,3202,0,0,0,0,0,0,0,0,0,0,0,0,0,0,0,100,NoArchChanged
0,0,0,3202,3202,0,0,0,0,0,0,0,0,0,0,0,0,0,0,0,100,NoArchChanged
45,51,6,6402,6412,10,2,48,1,0,1,17,13,4,949,669,280,8,5,3,99.54861111,NoArchChanged
0,0,0,3207,3207,0,0,0,0,0,0,0,0,0,0,0,0,0,0,0,100,NoArchChanged
0,0,0,3207,3207,0,0,0,0,0,0,0,0,0,0,0,0,0,0,0,100,NoArchChanged
28,28,0,9618,9618,0,3,38,0,0,0,40,37,3,1621,1540,81,13,12,1,100,NoArchChanged
0,0,0,3207,3207,0,0,0,0,0,0,0,0,0,0,0,0,0,0,0,100,NoArchChanged
68,68,0,3206,3206,0,1,17,0,0,0,227,229,2,6420,6508,88,54,55,1,100,NoArchChanged
0,0,0,3207,3207,0,0,0,0,0,0,0,0,0,0,0,0,0,0,0,100,NoArchChanged
0,0,0,3207,3207,0,0,0,0,0,0,0,0,0,0,0,0,0,0,0,100,NoArchChanged
0,0,0,3207,3207,0,0,0,0,0,0,0,0,0,0,0,0,0,0,0,100,NoArchChanged
0,0,0,3207,3207,0,0,0,0,0,0,0,0,0,0,0,0,0,0,0,100,NoArchChanged
0,0,0,3207,3207,0,0,0,0,0,0,0,0,0,0,0,0,0,0,0,100,NoArchChanged
0,0,0,3207,3207,0,0,0,0,0,0,0,0,0,0,0,0,0,0,0,100,NoArchChanged
0,0,0,3207,3207,0,0,0,0,0,0,0,0,0,0,0,0,0,0,0,100,NoArchChanged
0,0,0,3207,3207,0,0,0,0,0,0,0,0,0,0,0,0,0,0,0,100,NoArchChanged
0,0,0,3207,3207,0,0,0,0,0,0,0,0,0,0,0,0,0,0,0,100,NoArchChanged
0,0,0,3207,3207,0,0,0,0,0,0,0,0,0,0,0,0,0,0,0,100,NoArchChanged
0,0,0,3207,3207,0,0,0,0,0,0,0,0,0,0,0,0,0,0,0,100,NoArchChanged
0,0,0,3207,3207,0,0,0,0,0,0,0,0,0,0,0,0,0,0,0,100,NoArchChanged
0,0,0,3207,3207,0,0,0,0,0,0,0,0,0,0,0,0,0,0,0,100,NoArchChanged
180,181,1,9618,9621,3,3,16,0,0,0,490,488,2,16866,16756,110,185,183,2,100,NoArchChanged
0,0,0,3208,3208,0,0,0,0,0,0,0,0,0,0,0,0,0,0,0,100,NoArchChanged
0,0,0,3208,3208,0,0,0,0,0,0,0,0,0,0,0,0,0,0,0,100,NoArchChanged
0,0,0,3208,3208,0,0,0,0,0,0,0,0,0,0,0,0,0,0,0,100,NoArchChanged
0,0,0,3208,3208,0,0,0,0,0,0,0,0,0,0,0,0,0,0,0,100,NoArchChanged
0,0,0,3208,3208,0,0,0,0,0,0,0,0,0,0,0,0,0,0,0,100,NoArchChanged
99,99,0,12828,12828,0,4,0,0,0,0,201,201,0,8682,8723,41,108,108,0,100,NoArchChanged
56,56,0,12828,12828,0,4,45,0,0,0,270,264,6,10472,10166,306,136,133,3,100,NoArchChanged
19,27,8,6414,6428,14,2,119,1,0,1,120,117,3,4251,3637,614,43,41,2,99.54923717,NoArchChanged
20,20,0,3214,3214,0,1,5,0,0,0,116,118,2,3626,3657,31,41,41,0,100,NoArchChanged
7,7,0,3214,3214,0,1,17,0,0,0,2,2,0,594,594,0,2,2,0,100,NoArchChanged
0,0,0,3215,3215,0,0,0,0,0,0,0,0,0,0,0,0,0,0,0,100,NoArchChanged
571,594,23,73922,74244,322,23,674,7,0,7,1248,1165,83,38499,35155,3344,516,472,44,92.57142857,ArchChanged
0,0,0,3229,3229,0,0,0,0,0,0,0,0,0,0,0,0,0,0,0,100,NoArchChanged
0,6,6,12912,12932,20,4,268,4,0,4,23,0,23,975,0,975,13,0,13,99.76108309,NoArchChanged
5,5,0,3233,3233,0,1,0,0,0,0,13,13,0,580,580,0,5,5,0,100,NoArchChanged
0,0,0,3234,3234,0,0,0,0,0,0,0,0,0,0,0,0,0,0,0,100,NoArchChanged
0,0,0,3234,3234,0,0,0,0,0,0,0,0,0,0,0,0,0,0,0,100,NoArchChanged
119,123,4,9699,9705,6,3,89,1,0,1,112,103,9,3665,3270,395,64,61,3,99.84147952,NoArchChanged
0,0,0,3236,3236,0,0,0,0,0,0,0,0,0,0,0,0,0,0,0,100,NoArchChanged
0,0,0,3236,3236,0,0,0,0,0,0,0,0,0,0,0,0,0,0,0,100,NoArchChanged
0,0,0,3236,3236,0,0,0,0,0,0,0,0,0,0,0,0,0,0,0,100,NoArchChanged
0,0,0,3236,3236,0,0,0,0,0,0,0,0,0,0,0,0,0,0,0,100,NoArchChanged
8,8,0,3235,3235,0,1,0,0,0,0,9,9,0,1037,1038,1,9,9,0,100,NoArchChanged
0,0,0,3236,3236,0,0,0,0,0,0,0,0,0,0,0,0,0,0,0,100,NoArchChanged
0,0,0,3235,3235,0,1,2,0,0,0,347,347,0,11677,11693,16,233,233,0,100,NoArchChanged
16,16,0,6470,6470,0,2,2,0,0,0,21,21,0,2491,2477,14,15,15,0,100,NoArchChanged
20,20,0,3235,3235,0,1,0,0,0,0,84,84,0,2096,2104,8,24,24,0,100,NoArchChanged
0,0,0,3236,3236,0,0,0,0,0,0,0,0,0,0,0,0,0,0,0,100,NoArchChanged
0,0,0,3236,3236,0,0,0,0,0,0,0,0,0,0,0,0,0,0,0,100,NoArchChanged
0,0,0,3236,3236,0,0,0,0,0,0,0,0,0,0,0,0,0,0,0,100,NoArchChanged
0,0,0,3236,3236,0,0,0,0,0,0,0,0,0,0,0,0,0,0,0,100,NoArchChanged
0,0,0,3236,3236,0,0,0,0,0,0,0,0,0,0,0,0,0,0,0,100,NoArchChanged
0,0,0,3236,3236,0,0,0,0,0,0,0,0,0,0,0,0,0,0,0,100,NoArchChanged
0,0,0,3236,3236,0,0,0,0,0,0,0,0,0,0,0,0,0,0,0,100,NoArchChanged
0,0,0,3236,3236,0,0,0,0,0,0,0,0,0,0,0,0,0,0,0,100,NoArchChanged
0,0,0,3236,3236,0,0,0,0,0,0,0,0,0,0,0,0,0,0,0,100,NoArchChanged
0,0,0,3236,3236,0,0,0,0,0,0,0,0,0,0,0,0,0,0,0,100,NoArchChanged
0,0,0,3236,3236,0,0,0,0,0,0,0,0,0,0,0,0,0,0,0,100,NoArchChanged
0,0,0,3236,3236,0,0,0,0,0,0,0,0,0,0,0,0,0,0,0,100,NoArchChanged
0,0,0,3236,3236,0,0,0,0,0,0,0,0,0,0,0,0,0,0,0,100,NoArchChanged
14,14,0,3235,3235,0,1,1,0,0,0,12,12,0,2308,2271,37,10,10,0,100,NoArchChanged
0,0,0,3236,3236,0,0,0,0,0,0,0,0,0,0,0,0,0,0,0,100,NoArchChanged
0,0,0,3236,3236,0,0,0,0,0,0,0,0,0,0,0,0,0,0,0,100,NoArchChanged
0,0,0,3236,3236,0,0,0,0,0,0,0,0,0,0,0,0,0,0,0,100,NoArchChanged
0,0,0,3236,3236,0,0,0,0,0,0,0,0,0,0,0,0,0,0,0,100,NoArchChanged
0,0,0,3236,3236,0,0,0,0,0,0,0,0,0,0,0,0,0,0,0,100,NoArchChanged
0,0,0,3236,3236,0,0,0,0,0,0,0,0,0,0,0,0,0,0,0,100,NoArchChanged
0,0,0,3236,3236,0,0,0,0,0,0,0,0,0,0,0,0,0,0,0,100,NoArchChanged
0,0,0,3236,3236,0,0,0,0,0,0,0,0,0,0,0,0,0,0,0,100,NoArchChanged
0,0,0,3236,3236,0,0,0,0,0,0,0,0,0,0,0,0,0,0,0,100,NoArchChanged
0,0,0,3236,3236,0,0,0,0,0,0,0,0,0,0,0,0,0,0,0,100,NoArchChanged
0,0,0,3236,3236,0,0,0,0,0,0,0,0,0,0,0,0,0,0,0,100,NoArchChanged
0,0,0,3236,3236,0,0,0,0,0,0,0,0,0,0,0,0,0,0,0,100,NoArchChanged
0,0,0,3236,3236,0,0,0,0,0,0,0,0,0,0,0,0,0,0,0,100,NoArchChanged
0,0,0,3236,3236,0,0,0,0,0,0,0,0,0,0,0,0,0,0,0,100,NoArchChanged
0,0,0,3236,3236,0,0,0,0,0,0,0,0,0,0,0,0,0,0,0,100,NoArchChanged
0,0,0,3236,3236,0,0,0,0,0,0,0,0,0,0,0,0,0,0,0,100,NoArchChanged
0,0,0,3236,3236,0,0,0,0,0,0,0,0,0,0,0,0,0,0,0,100,NoArchChanged
0,0,0,3236,3236,0,0,0,0,0,0,0,0,0,0,0,0,0,0,0,100,NoArchChanged
0,0,0,3236,3236,0,0,0,0,0,0,0,0,0,0,0,0,0,0,0,100,NoArchChanged
0,0,0,3236,3236,0,0,0,0,0,0,0,0,0,0,0,0,0,0,0,100,NoArchChanged
0,0,0,3236,3236,0,0,0,0,0,0,0,0,0,0,0,0,0,0,0,100,NoArchChanged
263,263,0,12940,12940,0,4,55,0,0,0,485,476,9,16411,16162,249,178,172,6,100,NoArchChanged
0,0,0,3236,3236,0,0,0,0,0,0,0,0,0,0,0,0,0,0,0,100,NoArchChanged
0,0,0,3236,3236,0,0,0,0,0,0,0,0,0,0,0,0,0,0,0,100,NoArchChanged
0,0,0,3236,3236,0,0,0,0,0,0,0,0,0,0,0,0,0,0,0,100,NoArchChanged
0,0,0,3236,3236,0,0,0,0,0,0,0,0,0,0,0,0,0,0,0,100,NoArchChanged
95,95,0,22645,22645,0,7,11,0,0,0,417,414,3,14817,14789,28,190,189,1,100,NoArchChanged
14,14,0,3235,3235,0,1,17,0,0,0,63,66,3,5610,5668,58,39,39,0,100,NoArchChanged
0,0,0,3236,3236,0,0,0,0,0,0,0,0,0,0,0,0,0,0,0,100,NoArchChanged
18,18,0,6470,6470,0,2,3,0,0,0,19,19,0,1311,1307,4,12,12,0,100,NoArchChanged
0,0,0,3236,3236,0,0,0,0,0,0,0,0,0,0,0,0,0,0,0,100,NoArchChanged
0,0,0,3236,3236,0,0,0,0,0,0,0,0,0,0,0,0,0,0,0,100,NoArchChanged
0,0,0,3236,3236,0,0,0,0,0,0,0,0,0,0,0,0,0,0,0,100,NoArchChanged
0,0,0,3236,3236,0,0,0,0,0,0,0,0,0,0,0,0,0,0,0,100,NoArchChanged
441,441,0,45290,45290,0,14,40,0,0,0,683,694,11,21219,21378,159,283,283,0,100,NoArchChanged
46,46,0,3235,3235,0,1,4,0,0,0,53,55,2,1366,1383,17,14,14,0,100,NoArchChanged
146,146,0,3235,3235,0,1,0,0,0,0,319,319,0,7246,7258,12,97,97,0,100,NoArchChanged
0,0,0,3236,3236,0,0,0,0,0,0,0,0,0,0,0,0,0,0,0,100,NoArchChanged
0,0,0,3236,3236,0,0,0,0,0,0,0,0,0,0,0,0,0,0,0,100,NoArchChanged
0,0,0,3236,3236,0,0,0,0,0,0,0,0,0,0,0,0,0,0,0,100,NoArchChanged
0,0,0,3236,3236,0,0,0,0,0,0,0,0,0,0,0,0,0,0,0,100,NoArchChanged
0,0,0,3236,3236,0,0,0,0,0,0,0,0,0,0,0,0,0,0,0,100,NoArchChanged
0,0,0,3236,3236,0,0,0,0,0,0,0,0,0,0,0,0,0,0,0,100,NoArchChanged
0,0,0,3236,3236,0,0,0,0,0,0,0,0,0,0,0,0,0,0,0,100,NoArchChanged
0,0,0,3236,3236,0,0,0,0,0,0,0,0,0,0,0,0,0,0,0,100,NoArchChanged
33,33,0,9705,9705,0,3,11,0,0,0,34,34,0,1597,1639,42,21,21,0,100,NoArchChanged
0,0,0,3236,3236,0,0,0,0,0,0,0,0,0,0,0,0,0,0,0,100,NoArchChanged
0,0,0,3236,3236,0,0,0,0,0,0,0,0,0,0,0,0,0,0,0,100,NoArchChanged
0,0,0,3236,3236,0,0,0,0,0,0,0,0,0,0,0,0,0,0,0,100,NoArchChanged
0,0,0,3236,3236,0,0,0,0,0,0,0,0,0,0,0,0,0,0,0,100,NoArchChanged
218,215,3,87345,87291,54,27,53,0,0,0,396,393,3,21133,20546,587,227,226,1,97.37817797,ArchChanged
32,30,2,9699,9693,6,3,2,0,0,0,102,101,1,3183,3149,34,35,34,1,99.92025518,NoArchChanged
0,0,0,3232,3232,0,0,0,0,0,0,0,0,0,0,0,0,0,0,0,100,NoArchChanged
0,0,0,3232,3232,0,0,0,0,0,0,0,0,0,0,0,0,0,0,0,100,NoArchChanged
0,0,0,3232,3232,0,0,0,0,0,0,0,0,0,0,0,0,0,0,0,100,NoArchChanged
0,0,0,3232,3232,0,0,0,0,0,0,0,0,0,0,0,0,0,0,0,100,NoArchChanged
0,0,0,3232,3232,0,0,0,0,0,0,0,0,0,0,0,0,0,0,0,100,NoArchChanged
0,0,0,3232,3232,0,0,0,0,0,0,0,0,0,0,0,0,0,0,0,100,NoArchChanged
0,0,0,3232,3232,0,0,0,0,0,0,0,0,0,0,0,0,0,0,0,100,NoArchChanged
0,0,0,3232,3232,0,0,0,0,0,0,0,0,0,0,0,0,0,0,0,100,NoArchChanged
0,0,0,3232,3232,0,0,0,0,0,0,0,0,0,0,0,0,0,0,0,100,NoArchChanged
0,0,0,3232,3232,0,0,0,0,0,0,0,0,0,0,0,0,0,0,0,100,NoArchChanged
0,0,0,3232,3232,0,0,0,0,0,0,0,0,0,0,0,0,0,0,0,100,NoArchChanged
0,0,0,3232,3232,0,0,0,0,0,0,0,0,0,0,0,0,0,0,0,100,NoArchChanged
0,0,0,3232,3232,0,0,0,0,0,0,0,0,0,0,0,0,0,0,0,100,NoArchChanged
188,215,27,22617,22722,105,7,93,1,0,1,331,323,8,8202,7627,575,109,101,8,99.73418394,NoArchChanged
0,0,0,3247,3247,0,0,0,0,0,0,0,0,0,0,0,0,0,0,0,100,NoArchChanged
0,0,0,3247,3247,0,0,0,0,0,0,0,0,0,0,0,0,0,0,0,100,NoArchChanged
2,0,2,6492,6490,2,2,143,0,2,2,0,16,16,0,543,543,0,10,10,99.86677325,NoArchChanged
35,35,0,3245,3245,0,1,0,0,0,0,305,305,0,9018,9018,0,282,282,0,100,NoArchChanged
0,0,0,3246,3246,0,0,0,0,0,0,0,0,0,0,0,0,0,0,0,100,NoArchChanged
19,19,0,3245,3245,0,1,3,0,0,0,14,14,0,670,645,25,6,6,0,100,NoArchChanged
235,235,0,9735,9735,0,3,15,0,0,0,635,648,13,16435,16569,134,172,172,0,100,NoArchChanged
42,42,0,3245,3245,0,1,1,0,0,0,141,142,1,4006,4007,1,73,73,0,100,NoArchChanged
85,85,0,3245,3245,0,1,4,0,0,0,119,120,1,2926,2942,16,32,32,0,100,NoArchChanged
11,11,0,3245,3245,0,1,0,0,0,0,89,89,0,2180,2180,0,24,24,0,100,NoArchChanged
42,42,0,3245,3245,0,1,15,0,0,0,141,141,0,4007,4006,1,73,73,0,100,NoArchChanged
42,42,0,3245,3245,0,1,1,0,0,0,140,141,1,3996,4007,11,73,73,0,100,NoArchChanged
3819,3819,0,616550,616550,0,190,285,0,0,0,8218,8227,9,314775,312891,1884,4095,4095,0,100,NoArchChanged
118,118,0,3245,3245,0,1,15,0,0,0,69,69,0,1551,1583,32,33,33,0,100,NoArchChanged
518,518,0,19470,19470,0,6,4,0,0,0,1031,1031,0,23989,24024,35,362,362,0,100,NoArchChanged
350,350,0,6490,6490,0,2,7,0,0,0,496,498,2,11546,11600,54,205,205,0,100,NoArchChanged
11,11,0,3245,3245,0,1,1,0,0,0,39,39,0,1296,1307,11,12,12,0,100,NoArchChanged
2804,2804,0,509465,509465,0,157,598,0,0,0,7076,7161,85,295316,298914,3598,3514,3530,16,100,NoArchChanged
8830,8826,4,1778260,1777164,1096,548,690,0,0,0,12780,12780,0,543693,543883,190,6738,6738,0,99.9733191,NoArchChanged
94,94,0,3243,3243,0,1,2,0,0,0,55,55,0,1539,1523,16,26,26,0,100,NoArchChanged
73,82,9,19458,19482,24,6,121,2,0,2,84,77,7,4496,4089,407,50,43,7,99.8401279,NoArchChanged
34,34,0,3247,3247,0,1,1,0,0,0,253,253,0,5655,5643,12,84,84,0,100,NoArchChanged
77,77,0,32470,32470,0,10,1,0,0,0,412,412,0,15109,15103,6,166,166,0,100,NoArchChanged
163,163,0,19482,19482,0,6,37,0,0,0,566,566,0,25235,25240,5,249,249,0,100,NoArchChanged
48,48,0,6494,6494,0,2,7,0,0,0,316,316,0,11374,11284,90,123,123,0,100,NoArchChanged
55,523,468,133127,144648,11521,41,5112,40,0,40,762,332,430,38876,11124,27752,449,191,258,89.33823529,ArchChanged
75,98,23,17640,17745,105,5,720,1,0,1,415,315,100,11494,7977,3517,207,142,65,99.90952955,NoArchChanged
465,459,6,88725,88650,75,25,1,0,0,0,1296,1298,2,45360,45216,144,698,698,0,100,NoArchChanged
181,186,5,46098,46098,0,13,20,2,2,4,769,767,2,30824,30819,5,430,429,1,92.23268325,ArchChanged
0,0,0,3547,3547,0,0,0,0,0,0,0,0,0,0,0,0,0,0,0,100,NoArchChanged
0,0,0,3547,3547,0,0,0,0,0,0,0,0,0,0,0,0,0,0,0,100,NoArchChanged
88,92,4,10638,10644,6,3,75,0,0,0,244,239,5,7655,7134,521,65,63,2,99.96194825,NoArchChanged
6,19,13,7096,7110,14,2,57,0,0,0,32,23,9,1325,927,398,14,13,1,99.92383854,NoArchChanged
12,12,0,3555,3555,0,1,26,0,0,0,25,22,3,881,784,97,7,6,1,100,NoArchChanged
19,19,0,3555,3555,0,1,245,0,0,0,93,116,23,2652,3630,978,37,41,4,100,NoArchChanged
19,19,0,3555,3555,0,1,2,0,0,0,93,93,0,2660,2652,8,37,37,0,100,NoArchChanged
0,27,27,7110,7140,30,2,184,2,0,2,3,0,3,1056,0,1056,3,0,3,98.80463205,NoArchChanged
12,12,0,3570,3570,0,1,0,0,0,0,1,1,0,799,799,0,1,1,0,100,NoArchChanged
0,0,0,3571,3571,0,0,0,0,0,0,0,0,0,0,0,0,0,0,0,100,NoArchChanged
27,27,0,7140,7140,0,2,7,0,0,0,3,3,0,1056,1056,0,3,3,0,100,NoArchChanged
12,12,0,3570,3570,0,1,2,0,0,0,4,1,3,802,799,3,1,1,0,100,NoArchChanged
6,6,0,3570,3570,0,1,3,0,0,0,15,12,3,363,328,35,5,5,0,100,NoArchChanged
0,0,0,3571,3571,0,0,0,0,0,0,0,0,0,0,0,0,0,0,0,100,NoArchChanged
346,366,20,32130,32220,90,9,3985,6,0,6,1308,573,735,39103,17264,21839,615,296,319,99.3797884,NoArchChanged
443,441,2,78760,78804,44,22,17,0,0,0,642,648,6,32584,32754,170,309,311,2,95.83492549,ArchChanged
397,397,0,7164,7164,0,2,9,0,0,0,597,596,1,13935,13926,9,236,235,1,100,NoArchChanged
172,172,0,7164,7164,0,2,0,0,0,0,366,366,0,13308,13308,0,131,131,0,100,NoArchChanged
0,0,0,3583,3583,0,0,0,0,0,0,0,0,0,0,0,0,0,0,0,100,NoArchChanged
116,123,7,14328,14348,20,4,121,1,0,1,60,52,8,2523,1985,538,29,24,5,99.91941982,NoArchChanged
0,0,0,3588,3588,0,0,0,0,0,0,0,0,0,0,0,0,0,0,0,100,NoArchChanged
0,0,0,3588,3588,0,0,0,0,0,0,0,0,0,0,0,0,0,0,0,100,NoArchChanged
500,500,0,21522,21522,0,6,30,0,0,0,974,971,3,34861,34619,242,609,609,0,100,NoArchChanged
112,112,0,3587,3587,0,1,0,0,0,0,55,55,0,1537,1539,2,26,26,0,100,NoArchChanged
112,112,0,3587,3587,0,1,0,0,0,0,55,55,0,1543,1537,6,26,26,0,100,NoArchChanged
112,112,0,3587,3587,0,1,0,0,0,0,55,55,0,1543,1543,0,26,26,0,100,NoArchChanged
0,0,0,3588,3588,0,0,0,0,0,0,0,0,0,0,0,0,0,0,0,100,NoArchChanged
0,0,0,3588,3588,0,0,0,0,0,0,0,0,0,0,0,0,0,0,0,100,NoArchChanged
0,0,0,3588,3588,0,0,0,0,0,0,0,0,0,0,0,0,0,0,0,100,NoArchChanged
0,0,0,3588,3588,0,0,0,0,0,0,0,0,0,0,0,0,0,0,0,100,NoArchChanged
0,0,0,3588,3588,0,0,0,0,0,0,0,0,0,0,0,0,0,0,0,100,NoArchChanged
0,0,0,3588,3588,0,0,0,0,0,0,0,0,0,0,0,0,0,0,0,100,NoArchChanged
0,0,0,3588,3588,0,0,0,0,0,0,0,0,0,0,0,0,0,0,0,100,NoArchChanged
0,0,0,3588,3588,0,0,0,0,0,0,0,0,0,0,0,0,0,0,0,100,NoArchChanged
0,0,0,3588,3588,0,0,0,0,0,0,0,0,0,0,0,0,0,0,0,100,NoArchChanged
0,0,0,3588,3588,0,0,0,0,0,0,0,0,0,0,0,0,0,0,0,100,NoArchChanged
0,0,0,3588,3588,0,0,0,0,0,0,0,0,0,0,0,0,0,0,0,100,NoArchChanged
112,112,0,10761,10761,0,3,57,0,0,0,373,368,5,14394,14060,334,157,154,3,100,NoArchChanged
76,79,3,21522,21534,12,6,390,1,0,1,442,383,59,14936,13022,1914,115,98,17,99.91954948,NoArchChanged
406,409,3,10767,10776,9,3,14,0,0,0,675,676,1,15811,15644,167,218,220,2,100,NoArchChanged
15,15,0,3592,3592,0,1,34,0,0,0,154,153,1,3469,3258,211,24,23,1,100,NoArchChanged
15,15,0,3592,3592,0,1,7,0,0,0,154,154,0,3469,3469,0,24,24,0,100,NoArchChanged
451,451,0,25144,25144,0,7,45,0,0,0,896,896,0,25565,25562,3,304,304,0,100,NoArchChanged
817,837,20,64656,64854,198,18,342,2,1,3,2260,2204,56,66228,64668,1560,951,919,32,99.59871589,NoArchChanged
446,453,7,25221,25256,35,7,490,1,0,1,896,837,59,25565,23270,2295,304,288,16,99.91993595,NoArchChanged
0,0,0,3609,3609,0,0,0,0,0,0,0,0,0,0,0,0,0,0,0,100,NoArchChanged
0,0,0,3609,3609,0,0,0,0,0,0,0,0,0,0,0,0,0,0,0,100,NoArchChanged
0,0,0,3609,3609,0,0,0,0,0,0,0,0,0,0,0,0,0,0,0,100,NoArchChanged
0,0,0,3609,3609,0,0,0,0,0,0,0,0,0,0,0,0,0,0,0,100,NoArchChanged
0,0,0,3609,3609,0,0,0,0,0,0,0,0,0,0,0,0,0,0,0,100,NoArchChanged
167,169,2,14432,14440,8,4,3,0,0,0,341,341,0,8468,8453,15,88,88,0,99.59935897,NoArchChanged
0,0,0,3611,3611,0,0,0,0,0,0,0,0,0,0,0,0,0,0,0,100,NoArchChanged
0,0,0,3611,3611,0,0,0,0,0,0,0,0,0,0,0,0,0,0,0,100,NoArchChanged
0,0,0,3611,3611,0,0,0,0,0,0,0,0,0,0,0,0,0,0,0,100,NoArchChanged
394,394,0,7220,7220,0,2,15,0,0,0,544,543,1,17901,17798,103,265,264,1,100,NoArchChanged
0,0,0,3611,3611,0,0,0,0,0,0,0,0,0,0,0,0,0,0,0,100,NoArchChanged
0,0,0,3611,3611,0,0,0,0,0,0,0,0,0,0,0,0,0,0,0,100,NoArchChanged
0,0,0,3611,3611,0,0,0,0,0,0,0,0,0,0,0,0,0,0,0,100,NoArchChanged
0,0,0,3611,3611,0,0,0,0,0,0,0,0,0,0,0,0,0,0,0,100,NoArchChanged
122,123,1,14440,14444,4,4,34,1,0,1,202,201,1,6875,6785,90,111,110,1,99.91980754,NoArchChanged
0,0,0,3609,3609,0,0,0,0,0,0,0,0,0,0,0,0,0,0,0,100,NoArchChanged
0,0,0,3609,3609,0,0,0,0,0,0,0,0,0,0,0,0,0,0,0,100,NoArchChanged
0,0,0,3609,3609,0,0,0,0,0,0,0,0,0,0,0,0,0,0,0,100,NoArchChanged
0,0,0,3609,3609,0,0,0,0,0,0,0,0,0,0,0,0,0,0,0,100,NoArchChanged
0,0,0,3609,3609,0,0,0,0,0,0,0,0,0,0,0,0,0,0,0,100,NoArchChanged
0,0,0,3609,3609,0,0,0,0,0,0,0,0,0,0,0,0,0,0,0,100,NoArchChanged
167,169,2,14432,14440,8,4,3,0,0,0,341,341,0,8468,8453,15,88,88,0,99.59935897,NoArchChanged
0,0,0,3611,3611,0,0,0,0,0,0,0,0,0,0,0,0,0,0,0,100,NoArchChanged
600,598,2,21660,21648,12,6,10,0,0,0,921,921,0,22201,22213,12,339,339,0,99.59935897,NoArchChanged
598,600,2,21648,21660,12,6,10,0,0,0,921,921,0,22213,22201,12,339,339,0,99.59935897,NoArchChanged
600,598,2,21660,21648,12,6,10,0,0,0,921,921,0,22201,22213,12,339,339,0,99.59935897,NoArchChanged
167,169,2,14432,14440,8,4,3,0,0,0,341,341,0,8468,8453,15,88,88,0,99.59935897,NoArchChanged
0,0,0,3611,3611,0,0,0,0,0,0,0,0,0,0,0,0,0,0,0,100,NoArchChanged
0,0,0,3611,3611,0,0,0,0,0,0,0,0,0,0,0,0,0,0,0,100,NoArchChanged
0,0,0,3611,3611,0,0,0,0,0,0,0,0,0,0,0,0,0,0,0,100,NoArchChanged
394,394,0,7220,7220,0,2,15,0,0,0,544,543,1,17900,17797,103,265,264,1,100,NoArchChanged
454,454,0,10830,10830,0,3,8,0,0,0,669,670,1,21297,21403,106,325,326,1,100,NoArchChanged
394,394,0,7220,7220,0,2,15,0,0,0,544,543,1,17901,17798,103,265,264,1,100,NoArchChanged
431,431,0,7220,7220,0,2,7,0,0,0,580,580,0,13745,13742,3,251,251,0,100,NoArchChanged
0,0,0,3611,3611,0,0,0,0,0,0,0,0,0,0,0,0,0,0,0,100,NoArchChanged
0,0,0,3611,3611,0,0,0,0,0,0,0,0,0,0,0,0,0,0,0,100,NoArchChanged
0,0,0,3611,3611,0,0,0,0,0,0,0,0,0,0,0,0,0,0,0,100,NoArchChanged
431,431,0,7220,7220,0,2,7,0,0,0,580,580,0,13742,13745,3,251,251,0,100,NoArchChanged
0,0,0,3611,3611,0,0,0,0,0,0,0,0,0,0,0,0,0,0,0,100,NoArchChanged
0,0,0,3611,3611,0,0,0,0,0,0,0,0,0,0,0,0,0,0,0,100,NoArchChanged
0,0,0,3611,3611,0,0,0,0,0,0,0,0,0,0,0,0,0,0,0,100,NoArchChanged
553,554,1,21660,21666,6,6,27,1,0,1,782,781,1,20620,20527,93,362,361,1,99.91980754,NoArchChanged
431,431,0,7222,7222,0,2,7,0,0,0,580,580,0,13742,13745,3,251,251,0,100,NoArchChanged
431,431,0,7222,7222,0,2,7,0,0,0,580,580,0,13745,13742,3,251,251,0,100,NoArchChanged
0,0,0,3612,3612,0,0,0,0,0,0,0,0,0,0,0,0,0,0,0,100,NoArchChanged
0,0,0,3612,3612,0,0,0,0,0,0,0,0,0,0,0,0,0,0,0,100,NoArchChanged
0,0,0,3612,3612,0,0,0,0,0,0,0,0,0,0,0,0,0,0,0,100,NoArchChanged
0,0,0,3612,3612,0,0,0,0,0,0,0,0,0,0,0,0,0,0,0,100,NoArchChanged
0,0,0,3612,3612,0,0,0,0,0,0,0,0,0,0,0,0,0,0,0,100,NoArchChanged
0,0,0,3612,3612,0,0,0,0,0,0,0,0,0,0,0,0,0,0,0,100,NoArchChanged
0,0,0,3612,3612,0,0,0,0,0,0,0,0,0,0,0,0,0,0,0,100,NoArchChanged
479,479,0,14444,14444,0,4,31,0,0,0,900,900,0,25475,25220,255,376,376,0,100,NoArchChanged
479,479,0,14444,14444,0,4,31,0,0,0,900,900,0,25220,25475,255,376,376,0,100,NoArchChanged
479,479,0,14444,14444,0,4,31,0,0,0,900,900,0,25475,25220,255,376,376,0,100,NoArchChanged
479,479,0,14444,14444,0,4,31,0,0,0,900,900,0,25220,25475,255,376,376,0,100,NoArchChanged
0,0,0,3612,3612,0,0,0,0,0,0,0,0,0,0,0,0,0,0,0,100,NoArchChanged
0,0,0,3612,3612,0,0,0,0,0,0,0,0,0,0,0,0,0,0,0,100,NoArchChanged
479,479,0,14444,14444,0,4,31,0,0,0,900,900,0,25475,25220,255,376,376,0,100,NoArchChanged
0,0,0,3612,3612,0,0,0,0,0,0,0,0,0,0,0,0,0,0,0,100,NoArchChanged
479,479,0,14444,14444,0,4,31,0,0,0,900,900,0,25220,25475,255,376,376,0,100,NoArchChanged
92,92,0,32499,32499,0,9,118,0,0,0,390,378,12,15318,14600,718,153,147,6,100,NoArchChanged
479,479,0,14444,14444,0,4,31,0,0,0,906,906,0,25732,25477,255,378,378,0,100,NoArchChanged
479,479,0,14444,14444,0,4,31,0,0,0,906,906,0,25477,25732,255,378,378,0,100,NoArchChanged
479,479,0,14444,14444,0,4,31,0,0,0,906,906,0,25732,25477,255,378,378,0,100,NoArchChanged
601,601,0,43332,43332,0,12,17,0,0,0,1324,1324,0,43118,43246,128,496,496,0,100,NoArchChanged
479,479,0,14444,14444,0,4,31,0,0,0,906,906,0,25732,25477,255,378,378,0,100,NoArchChanged
528,528,0,25277,25277,0,7,26,0,0,0,1001,1001,0,32228,32433,205,405,405,0,100,NoArchChanged
479,479,0,14444,14444,0,4,31,0,0,0,906,906,0,25732,25477,255,378,378,0,100,NoArchChanged
592,594,2,28888,28896,8,8,28,1,0,1,1281,1279,2,40084,40083,1,537,535,2,99.83993597,NoArchChanged
0,0,0,3613,3613,0,0,0,0,0,0,0,0,0,0,0,0,0,0,0,100,NoArchChanged
0,0,0,3613,3613,0,0,0,0,0,0,0,0,0,0,0,0,0,0,0,100,NoArchChanged
594,592,2,28896,28888,8,8,28,0,1,1,1279,1281,2,40083,40084,1,535,537,2,99.83993597,NoArchChanged
592,594,2,28888,28896,8,8,28,1,0,1,1281,1279,2,40084,40083,1,537,535,2,99.83993597,NoArchChanged
594,592,2,28896,28888,8,8,28,0,1,1,1279,1281,2,40083,40084,1,535,537,2,99.83993597,NoArchChanged
592,594,2,28888,28896,8,8,28,1,0,1,1281,1279,2,40084,40083,1,537,535,2,99.83993597,NoArchChanged
594,592,2,28896,28888,8,8,28,0,1,1,1279,1281,2,40083,40084,1,535,537,2,99.83993597,NoArchChanged
592,594,2,28888,28896,8,8,28,1,0,1,1281,1279,2,40084,40083,1,537,535,2,99.83993597,NoArchChanged
9985,9985,0,2271948,2271948,0,629,0,0,0,0,11573,11573,0,532877,532877,0,6220,6220,0,100,NoArchChanged
754,754,0,36120,36120,0,10,0,0,0,0,1387,1387,0,33729,33729,0,531,531,0,100,NoArchChanged
0,0,0,3613,3613,0,0,0,0,0,0,0,0,0,0,0,0,0,0,0,100,NoArchChanged
0,0,0,3613,3613,0,0,0,0,0,0,0,0,0,0,0,0,0,0,0,100,NoArchChanged
0,0,0,3613,3613,0,0,0,0,0,0,0,0,0,0,0,0,0,0,0,100,NoArchChanged
0,0,0,3613,3613,0,0,0,0,0,0,0,0,0,0,0,0,0,0,0,100,NoArchChanged
0,0,0,3613,3613,0,0,0,0,0,0,0,0,0,0,0,0,0,0,0,100,NoArchChanged
28,28,0,7224,7224,0,2,24,0,0,0,33,30,3,2631,2495,136,19,18,1,100,NoArchChanged
10,10,0,3612,3612,0,1,2,0,0,0,16,16,0,2007,2007,0,13,13,0,100,NoArchChanged
9985,9983,2,2271948,2271319,629,629,28,0,1,1,11574,11576,2,533012,533013,1,6219,6221,2,99.83993597,NoArchChanged
9983,9983,0,2267708,2267708,0,628,0,0,0,0,11574,11574,0,533012,533012,0,6219,6219,0,100,NoArchChanged
707,709,2,39721,39732,11,11,31,1,0,1,1557,1555,2,49628,49597,31,691,689,2,99.83993597,NoArchChanged
0,0,0,3613,3613,0,0,0,0,0,0,0,0,0,0,0,0,0,0,0,100,NoArchChanged
0,0,0,3613,3613,0,0,0,0,0,0,0,0,0,0,0,0,0,0,0,100,NoArchChanged
2,2,0,3612,3612,0,1,3,0,0,0,4,4,0,273,260,13,2,2,0,100,NoArchChanged
709,707,2,39732,39721,11,11,31,0,1,1,1555,1557,2,49597,49628,31,689,691,2,99.83993597,NoArchChanged
707,709,2,39721,39732,11,11,31,1,0,1,1557,1555,2,49628,49597,31,691,689,2,99.83993597,NoArchChanged
0,0,0,3613,3613,0,0,0,0,0,0,0,0,0,0,0,0,0,0,0,100,NoArchChanged
0,0,0,3613,3613,0,0,0,0,0,0,0,0,0,0,0,0,0,0,0,100,NoArchChanged
709,707,2,39732,39721,11,11,31,0,1,1,1555,1557,2,49597,49628,31,689,691,2,99.83993597,NoArchChanged
707,709,2,39721,39732,11,11,31,1,0,1,1557,1555,2,49628,49597,31,691,689,2,99.83993597,NoArchChanged
0,0,0,3613,3613,0,0,0,0,0,0,0,0,0,0,0,0,0,0,0,100,NoArchChanged
709,707,2,39732,39721,11,11,31,0,1,1,1555,1557,2,49597,49628,31,689,691,2,99.83993597,NoArchChanged
756,758,2,43332,43344,12,12,35,1,0,1,1570,1568,2,50078,50009,69,701,699,2,99.83993597,NoArchChanged
709,707,2,39732,39721,11,11,31,0,1,1,1555,1557,2,49597,49628,31,689,691,2,99.83993597,NoArchChanged
707,709,2,39721,39732,11,11,31,1,0,1,1557,1555,2,49628,49597,31,691,689,2,99.83993597,NoArchChanged
0,0,0,3613,3613,0,0,0,0,0,0,0,0,0,0,0,0,0,0,0,100,NoArchChanged
5,5,0,3612,3612,0,1,3,0,0,0,6,6,0,347,330,17,4,4,0,100,NoArchChanged
0,0,0,3613,3613,0,0,0,0,0,0,0,0,0,0,0,0,0,0,0,100,NoArchChanged
0,0,0,3613,3613,0,0,0,0,0,0,0,0,0,0,0,0,0,0,0,100,NoArchChanged
0,0,0,3613,3613,0,0,0,0,0,0,0,0,0,0,0,0,0,0,0,100,NoArchChanged
714,712,2,43344,43332,12,12,34,0,1,1,1561,1563,2,49927,49975,48,693,695,2,99.83993597,NoArchChanged
712,714,2,43332,43344,12,12,34,1,0,1,1563,1561,2,49975,49927,48,695,693,2,99.83993597,NoArchChanged
180,186,6,14448,14456,8,4,235,0,0,0,217,188,29,10900,9354,1546,138,115,23,99.96003197,NoArchChanged
0,0,0,3615,3615,0,0,0,0,0,0,0,0,0,0,0,0,0,0,0,100,NoArchChanged
0,0,0,3615,3615,0,0,0,0,0,0,0,0,0,0,0,0,0,0,0,100,NoArchChanged
0,0,0,3615,3615,0,0,0,0,0,0,0,0,0,0,0,0,0,0,0,100,NoArchChanged
0,0,0,3615,3615,0,0,0,0,0,0,0,0,0,0,0,0,0,0,0,100,NoArchChanged
394,394,0,7228,7228,0,2,44,0,0,0,478,475,3,11609,11370,239,213,210,3,100,NoArchChanged
900,892,8,57824,57776,48,16,269,0,1,1,1751,1782,31,59365,60959,1594,810,835,25,99.79991997,NoArchChanged
971,979,8,61387,61438,51,17,269,1,0,1,1809,1778,31,61567,59973,1594,852,827,25,99.79991997,NoArchChanged
0,0,0,3615,3615,0,0,0,0,0,0,0,0,0,0,0,0,0,0,0,100,NoArchChanged
0,0,0,3615,3615,0,0,0,0,0,0,0,0,0,0,0,0,0,0,0,100,NoArchChanged
0,0,0,3615,3615,0,0,0,0,0,0,0,0,0,0,0,0,0,0,0,100,NoArchChanged
72,80,8,7228,7236,8,2,56,1,0,1,38,35,3,1570,1292,278,20,18,2,100,NoArchChanged
0,0,0,3619,3619,0,0,0,0,0,0,0,0,0,0,0,0,0,0,0,100,NoArchChanged
0,0,0,3619,3619,0,0,0,0,0,0,0,0,0,0,0,0,0,0,0,100,NoArchChanged
1059,1043,16,68742,68609,133,19,325,0,2,2,1813,1847,34,61265,63137,1872,845,872,27,99.79991997,NoArchChanged
1043,1059,16,68609,68742,133,19,325,2,0,2,1847,1813,34,63137,61265,1872,872,845,27,99.79991997,NoArchChanged
0,0,0,3619,3619,0,0,0,0,0,0,0,0,0,0,0,0,0,0,0,100,NoArchChanged
1059,1043,16,68742,68609,133,19,325,0,2,2,1813,1847,34,61265,63137,1872,845,872,27,99.79991997,NoArchChanged
1043,1059,16,68609,68742,133,19,334,2,0,2,1847,1813,34,63139,61265,1874,872,845,27,99.79991997,NoArchChanged
1059,1043,16,68742,68609,133,19,325,0,2,2,1813,1847,34,61267,63139,1872,845,872,27,99.79991997,NoArchChanged
1043,1059,16,68609,68742,133,19,325,2,0,2,1847,1813,34,63139,61267,1872,872,845,27,99.79991997,NoArchChanged
1059,1043,16,68742,68609,133,19,325,0,2,2,1813,1847,34,61267,63139,1872,845,872,27,99.79991997,NoArchChanged
1043,1059,16,68609,68742,133,19,325,2,0,2,1847,1813,34,63139,61267,1872,872,845,27,99.79991997,NoArchChanged
0,0,0,3619,3619,0,0,0,0,0,0,0,0,0,0,0,0,0,0,0,100,NoArchChanged
43,43,0,10854,10854,0,3,0,0,0,0,52,52,0,1861,1861,0,32,32,0,100,NoArchChanged
0,0,0,3619,3619,0,0,0,0,0,0,0,0,0,0,0,0,0,0,0,100,NoArchChanged
0,0,0,3619,3619,0,0,0,0,0,0,0,0,0,0,0,0,0,0,0,100,NoArchChanged
1102,1086,16,79596,79442,154,22,325,0,2,2,1865,1899,34,63128,65000,1872,877,904,27,99.79991997,NoArchChanged
0,0,0,3612,3612,0,0,0,0,0,0,0,0,0,0,0,0,0,0,0,100,NoArchChanged
1086,1102,16,79442,79596,154,22,325,2,0,2,1899,1865,34,65000,63128,1872,904,877,27,99.79991997,NoArchChanged
1102,1086,16,79596,79442,154,22,325,0,2,2,1865,1899,34,63128,65000,1872,877,904,27,99.79991997,NoArchChanged
1086,1102,16,79442,79596,154,22,325,2,0,2,1899,1865,34,65000,63128,1872,904,877,27,99.79991997,NoArchChanged
1102,1086,16,79596,79442,154,22,325,0,2,2,1865,1899,34,63128,65000,1872,877,904,27,99.79991997,NoArchChanged
1086,1102,16,79442,79596,154,22,325,2,0,2,1899,1865,34,65000,63128,1872,904,877,27,99.79991997,NoArchChanged
1102,1086,16,79596,79442,154,22,325,0,2,2,1865,1899,34,63128,65000,1872,877,904,27,99.79991997,NoArchChanged
1086,1102,16,79442,79596,154,22,325,2,0,2,1899,1865,34,65000,63128,1872,904,877,27,99.79991997,NoArchChanged
1102,1086,16,79596,79442,154,22,325,0,2,2,1865,1899,34,63128,65000,1872,877,904,27,99.79991997,NoArchChanged
1086,1102,16,79442,79596,154,22,325,2,0,2,1899,1865,34,65000,63128,1872,904,877,27,99.79991997,NoArchChanged
1102,1086,16,79596,79442,154,22,325,0,2,2,1865,1899,34,63128,65000,1872,877,904,27,99.79991997,NoArchChanged
1086,1102,16,79442,79596,154,22,325,2,0,2,1899,1865,34,65000,63128,1872,904,877,27,99.79991997,NoArchChanged
1102,1086,16,79596,79442,154,22,325,0,2,2,1865,1899,34,63128,65000,1872,877,904,27,99.79991997,NoArchChanged
1086,1102,16,79442,79596,154,22,325,2,0,2,1899,1865,34,65000,63128,1872,904,877,27,99.79991997,NoArchChanged
1102,1086,16,79596,79442,154,22,325,0,2,2,1865,1899,34,63128,65000,1872,877,904,27,99.79991997,NoArchChanged
1102,1118,16,83053,83214,161,23,335,2,0,2,1948,1911,37,66554,64648,1906,933,904,29,99.79991997,NoArchChanged
11,13,2,3618,3620,2,1,62,0,0,0,26,22,4,2173,1715,458,25,21,4,100,NoArchChanged
13,13,0,3620,3620,0,1,1,0,0,0,26,26,0,2167,2173,6,25,25,0,100,NoArchChanged
13,13,0,3620,3620,0,1,0,0,0,0,26,26,0,2167,2167,0,25,25,0,100,NoArchChanged
0,0,0,3621,3621,0,0,0,0,0,0,0,0,0,0,0,0,0,0,0,100,NoArchChanged
0,0,0,3621,3621,0,0,0,0,0,0,0,0,0,0,0,0,0,0,0,100,NoArchChanged
1131,1113,18,86880,86664,216,24,396,0,2,2,1933,1974,41,66363,68721,2358,925,958,33,99.79991997,NoArchChanged
1113,1131,18,86664,86880,216,24,396,2,0,2,1974,1933,41,68721,66363,2358,958,925,33,99.79991997,NoArchChanged
0,0,0,3621,3621,0,0,0,0,0,0,0,0,0,0,0,0,0,0,0,100,NoArchChanged
1131,1113,18,86880,86664,216,24,396,0,2,2,1933,1974,41,66363,68721,2358,925,958,33,99.79991997,NoArchChanged
1167,1185,18,104719,104980,261,29,430,2,0,2,2049,2004,45,73509,70906,2603,1006,969,37,99.79991997,NoArchChanged
1131,1113,18,86880,86664,216,24,396,0,2,2,1934,1975,41,66404,68762,2358,926,959,33,99.79991997,NoArchChanged
1113,1131,18,86664,86880,216,24,396,2,0,2,1975,1934,41,68762,66404,2358,959,926,33,99.79991997,NoArchChanged
0,0,0,3621,3621,0,0,0,0,0,0,0,0,0,0,0,0,0,0,0,100,NoArchChanged
30,30,0,3620,3620,0,1,0,0,0,0,145,145,0,3759,3763,4,46,46,0,100,NoArchChanged
0,0,0,3621,3621,0,0,0,0,0,0,0,0,0,0,0,0,0,0,0,100,NoArchChanged
1161,1143,18,90500,90275,225,25,396,0,2,2,2079,2120,41,70167,72521,2354,972,1005,33,99.79991997,NoArchChanged
0,0,0,3612,3612,0,0,0,0,0,0,0,0,0,0,0,0,0,0,0,100,NoArchChanged
1143,1161,18,90275,90500,225,25,395,2,0,2,2120,2079,41,72521,70167,2354,1005,972,33,99.79991997,NoArchChanged
13,13,0,3620,3620,0,1,0,0,0,0,98,98,0,2397,2397,0,24,24,0,100,NoArchChanged
1161,1143,18,90500,90275,225,25,395,0,2,2,2079,2120,41,70167,72521,2354,972,1005,33,99.79991997,NoArchChanged
1143,1161,18,90275,90500,225,25,395,2,0,2,2120,2079,41,72521,70167,2354,1005,972,33,99.79991997,NoArchChanged
1161,1143,18,90500,90275,225,25,395,0,2,2,2079,2120,41,70167,72521,2354,972,1005,33,99.79991997,NoArchChanged
1143,1161,18,90275,90500,225,25,395,2,0,2,2120,2079,41,72521,70167,2354,1005,972,33,99.79991997,NoArchChanged
502,502,0,144800,144800,0,40,0,0,0,0,430,430,0,27934,27750,184,258,258,0,90.76976663,ArchChanged
1663,1645,18,235300,234715,585,65,395,0,2,2,2509,2550,41,97917,100455,2538,1230,1263,33,90.65550907,ArchChanged
502,502,0,144440,144440,0,40,0,0,0,0,430,430,0,27934,27750,184,258,258,0,90.7504363,ArchChanged
1143,1161,18,90275,90500,225,25,395,2,0,2,2120,2079,41,72521,70167,2354,1005,972,33,99.84553599,NoArchChanged
1161,1143,18,90500,90275,225,25,395,0,2,2,2079,2120,41,70167,72521,2354,972,1005,33,99.84553599,NoArchChanged
1143,1161,18,90275,90500,225,25,395,2,0,2,2120,2079,41,72521,70167,2354,1005,972,33,99.84553599,NoArchChanged
0,0,0,3621,3621,0,0,0,0,0,0,0,0,0,0,0,0,0,0,0,100,NoArchChanged
0,0,0,3621,3621,0,0,0,0,0,0,0,0,0,0,0,0,0,0,0,100,NoArchChanged
1161,1143,18,90500,90275,225,25,395,0,2,2,2079,2120,41,70167,72521,2354,972,1005,33,99.84553599,NoArchChanged
1143,1161,18,90275,90500,225,25,395,2,0,2,2120,2079,41,72521,70167,2354,1005,972,33,99.84553599,NoArchChanged
0,0,0,3621,3621,0,0,0,0,0,0,0,0,0,0,0,0,0,0,0,100,NoArchChanged
0,0,0,3621,3621,0,0,0,0,0,0,0,0,0,0,0,0,0,0,0,100,NoArchChanged
0,0,0,3621,3621,0,0,0,0,0,0,0,0,0,0,0,0,0,0,0,100,NoArchChanged
0,0,0,3621,3621,0,0,0,0,0,0,0,0,0,0,0,0,0,0,0,100,NoArchChanged
0,0,0,3621,3621,0,0,0,0,0,0,0,0,0,0,0,0,0,0,0,100,NoArchChanged
0,0,0,3621,3621,0,0,0,0,0,0,0,0,0,0,0,0,0,0,0,100,NoArchChanged
0,0,0,3621,3621,0,0,0,0,0,0,0,0,0,0,0,0,0,0,0,100,NoArchChanged
0,0,0,3621,3621,0,0,0,0,0,0,0,0,0,0,0,0,0,0,0,100,NoArchChanged
0,0,0,3621,3621,0,0,0,0,0,0,0,0,0,0,0,0,0,0,0,100,NoArchChanged
0,0,0,3621,3621,0,0,0,0,0,0,0,0,0,0,0,0,0,0,0,100,NoArchChanged
31,31,0,7240,7240,0,2,0,0,0,0,23,23,0,1292,1288,4,11,11,0,100,NoArchChanged
0,0,0,3621,3621,0,0,0,0,0,0,0,0,0,0,0,0,0,0,0,100,NoArchChanged
1192,1174,18,97740,97497,243,27,395,0,2,2,2102,2143,41,71455,73813,2358,983,1016,33,99.84553599,NoArchChanged
1174,1192,18,97497,97740,243,27,395,2,0,2,2143,2102,41,73813,71455,2358,1016,983,33,99.84553599,NoArchChanged
0,0,0,3621,3621,0,0,0,0,0,0,0,0,0,0,0,0,0,0,0,100,NoArchChanged
0,0,0,3621,3621,0,0,0,0,0,0,0,0,0,0,0,0,0,0,0,100,NoArchChanged
0,0,0,3621,3621,0,0,0,0,0,0,0,0,0,0,0,0,0,0,0,100,NoArchChanged
0,0,0,3621,3621,0,0,0,0,0,0,0,0,0,0,0,0,0,0,0,100,NoArchChanged
0,0,0,3621,3621,0,0,0,0,0,0,0,0,0,0,0,0,0,0,0,100,NoArchChanged
0,0,0,3621,3621,0,0,0,0,0,0,0,0,0,0,0,0,0,0,0,100,NoArchChanged
0,0,0,3621,3621,0,0,0,0,0,0,0,0,0,0,0,0,0,0,0,100,NoArchChanged
0,0,0,3621,3621,0,0,0,0,0,0,0,0,0,0,0,0,0,0,0,100,NoArchChanged
0,0,0,3621,3621,0,0,0,0,0,0,0,0,0,0,0,0,0,0,0,100,NoArchChanged
0,0,0,3621,3621,0,0,0,0,0,0,0,0,0,0,0,0,0,0,0,100,NoArchChanged
0,0,0,3621,3621,0,0,0,0,0,0,0,0,0,0,0,0,0,0,0,100,NoArchChanged
0,0,0,3621,3621,0,0,0,0,0,0,0,0,0,0,0,0,0,0,0,100,NoArchChanged
0,0,0,3621,3621,0,0,0,0,0,0,0,0,0,0,0,0,0,0,0,100,NoArchChanged
0,0,0,3621,3621,0,0,0,0,0,0,0,0,0,0,0,0,0,0,0,100,NoArchChanged
0,0,0,3621,3621,0,0,0,0,0,0,0,0,0,0,0,0,0,0,0,100,NoArchChanged
0,0,0,3621,3621,0,0,0,0,0,0,0,0,0,0,0,0,0,0,0,100,NoArchChanged
1192,1174,18,97740,97497,243,27,395,0,2,2,2102,2143,41,71455,73813,2358,983,1016,33,99.84553599,NoArchChanged
1174,1192,18,97497,97740,243,27,395,2,0,2,2143,2102,41,73813,71455,2358,1016,983,33,99.84553599,NoArchChanged
207,149,58,76020,75096,924,21,1644,0,4,4,579,774,195,23578,33003,9425,267,401,134,95.00335345,ArchChanged
1239,1333,94,164496,166106,1610,46,1249,4,2,6,2550,2396,154,92726,85659,7067,1257,1156,101,94.86404834,ArchChanged
1333,1239,94,166106,164496,1610,46,1249,2,4,6,2396,2550,154,85659,92726,7067,1156,1257,101,94.86404834,ArchChanged
10,10,0,3576,3576,0,1,0,0,0,0,16,16,0,704,702,2,8,8,0,100,NoArchChanged
0,0,0,3577,3577,0,0,0,0,0,0,0,0,0,0,0,0,0,0,0,100,NoArchChanged
1249,1343,94,168072,169717,1645,47,1249,4,2,6,2566,2412,154,93428,86363,7065,1265,1164,101,94.86404834,ArchChanged
0,0,0,3612,3612,0,0,0,0,0,0,0,0,0,0,0,0,0,0,0,100,NoArchChanged
0,0,0,3612,3612,0,0,0,0,0,0,0,0,0,0,0,0,0,0,0,100,NoArchChanged
0,0,0,3612,3612,0,0,0,0,0,0,0,0,0,0,0,0,0,0,0,100,NoArchChanged
0,0,0,3612,3612,0,0,0,0,0,0,0,0,0,0,0,0,0,0,0,100,NoArchChanged
0,0,0,3612,3612,0,0,0,0,0,0,0,0,0,0,0,0,0,0,0,100,NoArchChanged
0,0,0,3612,3612,0,0,0,0,0,0,0,0,0,0,0,0,0,0,0,100,NoArchChanged
0,0,0,3612,3612,0,0,0,0,0,0,0,0,0,0,0,0,0,0,0,100,NoArchChanged
0,0,0,3612,3612,0,0,0,0,0,0,0,0,0,0,0,0,0,0,0,100,NoArchChanged
0,0,0,3612,3612,0,0,0,0,0,0,0,0,0,0,0,0,0,0,0,100,NoArchChanged
0,0,0,3612,3612,0,0,0,0,0,0,0,0,0,0,0,0,0,0,0,100,NoArchChanged
0,0,0,3612,3612,0,0,0,0,0,0,0,0,0,0,0,0,0,0,0,100,NoArchChanged
0,0,0,3612,3612,0,0,0,0,0,0,0,0,0,0,0,0,0,0,0,100,NoArchChanged
0,0,0,3612,3612,0,0,0,0,0,0,0,0,0,0,0,0,0,0,0,100,NoArchChanged
0,0,0,3612,3612,0,0,0,0,0,0,0,0,0,0,0,0,0,0,0,100,NoArchChanged
0,0,0,3612,3612,0,0,0,0,0,0,0,0,0,0,0,0,0,0,0,100,NoArchChanged
0,0,0,3612,3612,0,0,0,0,0,0,0,0,0,0,0,0,0,0,0,100,NoArchChanged
1343,1249,94,169717,168072,1645,47,1249,2,4,6,2412,2566,154,86363,93428,7065,1164,1265,101,94.86404834,ArchChanged
0,0,0,3577,3577,0,0,0,0,0,0,0,0,0,0,0,0,0,0,0,100,NoArchChanged
1249,1343,94,168072,169717,1645,47,1249,4,2,6,2566,2412,154,93428,86363,7065,1265,1164,101,94.86404834,ArchChanged
1353,1259,94,173328,171648,1680,48,1249,2,4,6,2414,2568,154,86724,93789,7065,1165,1266,101,94.86404834,ArchChanged
1249,1343,94,168072,169717,1645,47,1249,4,2,6,2566,2412,154,93428,86363,7065,1265,1164,101,94.86404834,ArchChanged
1343,1249,94,169717,168072,1645,47,1249,2,4,6,2412,2566,154,86363,93428,7065,1164,1265,101,94.86404834,ArchChanged
0,0,0,3577,3577,0,0,0,0,0,0,0,0,0,0,0,0,0,0,0,100,NoArchChanged
0,0,0,3577,3577,0,0,0,0,0,0,0,0,0,0,0,0,0,0,0,100,NoArchChanged
0,0,0,3577,3577,0,0,0,0,0,0,0,0,0,0,0,0,0,0,0,100,NoArchChanged
0,0,0,3577,3577,0,0,0,0,0,0,0,0,0,0,0,0,0,0,0,100,NoArchChanged
1249,1343,94,168072,169717,1645,47,1249,4,2,6,2566,2412,154,93428,86363,7065,1265,1164,101,94.86404834,ArchChanged
0,0,0,3612,3612,0,0,0,0,0,0,0,0,0,0,0,0,0,0,0,100,NoArchChanged
1343,1249,94,169717,168072,1645,47,1249,2,4,6,2412,2566,154,86363,93428,7065,1164,1265,101,94.86404834,ArchChanged
0,0,0,3577,3577,0,0,0,0,0,0,0,0,0,0,0,0,0,0,0,100,NoArchChanged
0,0,0,3577,3577,0,0,0,0,0,0,0,0,0,0,0,0,0,0,0,100,NoArchChanged
0,0,0,3577,3577,0,0,0,0,0,0,0,0,0,0,0,0,0,0,0,100,NoArchChanged
35,35,0,3576,3576,0,1,0,0,0,0,306,306,0,9059,9059,0,282,282,0,100,NoArchChanged
0,0,0,3577,3577,0,0,0,0,0,0,0,0,0,0,0,0,0,0,0,100,NoArchChanged
44,44,0,14304,14304,0,4,0,0,0,0,123,123,0,11784,11776,8,72,72,0,100,NoArchChanged
0,0,0,3577,3577,0,0,0,0,0,0,0,0,0,0,0,0,0,0,0,100,NoArchChanged
0,0,0,3577,3577,0,0,0,0,0,0,0,0,0,0,0,0,0,0,0,100,NoArchChanged
89,89,0,21456,21456,0,6,0,0,0,0,431,431,0,21196,21204,8,355,355,0,100,NoArchChanged
89,89,0,21456,21456,0,6,0,0,0,0,431,431,0,21204,21196,8,355,355,0,100,NoArchChanged
0,0,0,3577,3577,0,0,0,0,0,0,0,0,0,0,0,0,0,0,0,100,NoArchChanged
0,0,0,3577,3577,0,0,0,0,0,0,0,0,0,0,0,0,0,0,0,100,NoArchChanged
0,0,0,3577,3577,0,0,0,0,0,0,0,0,0,0,0,0,0,0,0,100,NoArchChanged
0,0,0,3577,3577,0,0,0,0,0,0,0,0,0,0,0,0,0,0,0,100,NoArchChanged
0,0,0,3577,3577,0,0,0,0,0,0,0,0,0,0,0,0,0,0,0,100,NoArchChanged
0,0,0,3577,3577,0,0,0,0,0,0,0,0,0,0,0,0,0,0,0,100,NoArchChanged
0,0,0,3577,3577,0,0,0,0,0,0,0,0,0,0,0,0,0,0,0,100,NoArchChanged
0,0,0,3577,3577,0,0,0,0,0,0,0,0,0,0,0,0,0,0,0,100,NoArchChanged
0,0,0,3577,3577,0,0,0,0,0,0,0,0,0,0,0,0,0,0,0,100,NoArchChanged
0,0,0,3577,3577,0,0,0,0,0,0,0,0,0,0,0,0,0,0,0,100,NoArchChanged
0,0,0,3577,3577,0,0,0,0,0,0,0,0,0,0,0,0,0,0,0,100,NoArchChanged
0,0,0,3577,3577,0,0,0,0,0,0,0,0,0,0,0,0,0,0,0,100,NoArchChanged
0,0,0,3577,3577,0,0,0,0,0,0,0,0,0,0,0,0,0,0,0,100,NoArchChanged
0,0,0,3577,3577,0,0,0,0,0,0,0,0,0,0,0,0,0,0,0,100,NoArchChanged
0,0,0,3577,3577,0,0,0,0,0,0,0,0,0,0,0,0,0,0,0,100,NoArchChanged
0,0,0,3577,3577,0,0,0,0,0,0,0,0,0,0,0,0,0,0,0,100,NoArchChanged
0,0,0,3577,3577,0,0,0,0,0,0,0,0,0,0,0,0,0,0,0,100,NoArchChanged
0,0,0,3577,3577,0,0,0,0,0,0,0,0,0,0,0,0,0,0,0,100,NoArchChanged
0,0,0,3577,3577,0,0,0,0,0,0,0,0,0,0,0,0,0,0,0,100,NoArchChanged
33,33,0,3576,3576,0,1,0,0,0,0,253,253,0,5664,5664,0,81,81,0,100,NoArchChanged
0,0,0,3577,3577,0,0,0,0,0,0,0,0,0,0,0,0,0,0,0,100,NoArchChanged
1321,1415,94,182376,184161,1785,51,1249,4,2,6,2963,2809,154,113134,106077,7057,1612,1511,101,94.86404834,ArchChanged
1415,1321,94,184161,182376,1785,51,1249,2,4,6,2809,2963,154,106077,113134,7057,1511,1612,101,94.86404834,ArchChanged
1321,1415,94,182376,184161,1785,51,1249,4,2,6,2963,2809,154,113134,106077,7057,1612,1511,101,94.86404834,ArchChanged
1415,1321,94,184161,182376,1785,51,1249,2,4,6,2809,2963,154,106077,113134,7057,1511,1612,101,94.86404834,ArchChanged
86,86,0,3576,3576,0,1,3,0,0,0,78,78,0,1737,1742,5,39,39,0,100,NoArchChanged
3,3,0,3576,3576,0,1,10,0,0,0,21,21,0,1804,1741,63,19,19,0,100,NoArchChanged
89,89,0,7152,7152,0,2,7,0,0,0,99,99,0,3483,3541,58,58,58,0,100,NoArchChanged
13,13,0,3576,3576,0,1,0,0,0,0,10,10,0,988,988,0,3,3,0,100,NoArchChanged
0,0,0,3577,3577,0,0,0,0,0,0,0,0,0,0,0,0,0,0,0,100,NoArchChanged
89,89,0,7152,7152,0,2,7,0,0,0,99,99,0,3541,3483,58,58,58,0,100,NoArchChanged
0,0,0,3577,3577,0,0,0,0,0,0,0,0,0,0,0,0,0,0,0,100,NoArchChanged
0,0,0,3577,3577,0,0,0,0,0,0,0,0,0,0,0,0,0,0,0,100,NoArchChanged
0,0,0,3577,3577,0,0,0,0,0,0,0,0,0,0,0,0,0,0,0,100,NoArchChanged
0,0,0,3577,3577,0,0,0,0,0,0,0,0,0,0,0,0,0,0,0,100,NoArchChanged
1337,1431,94,189528,191383,1855,53,1242,4,2,6,2994,2840,154,115863,108864,6999,1634,1533,101,94.86404834,ArchChanged
35,35,0,3611,3611,0,1,0,0,0,0,306,306,0,9059,9059,0,282,282,0,100,NoArchChanged
1396,1302,94,187772,185952,1820,52,1242,2,4,6,2534,2688,154,99805,106804,6999,1251,1352,101,94.86404834,ArchChanged
1302,1396,94,185952,187772,1820,52,1242,4,2,6,2688,2534,154,106804,99805,6999,1352,1251,101,94.86404834,ArchChanged
1405,1311,94,191383,189528,1855,53,1242,2,4,6,2543,2697,154,100094,107093,6999,1254,1355,101,94.86404834,ArchChanged
0,0,0,3577,3577,0,0,0,0,0,0,0,0,0,0,0,0,0,0,0,100,NoArchChanged
0,0,0,3577,3577,0,0,0,0,0,0,0,0,0,0,0,0,0,0,0,100,NoArchChanged
0,0,0,3577,3577,0,0,0,0,0,0,0,0,0,0,0,0,0,0,0,100,NoArchChanged
252,252,0,35760,35760,0,10,5,0,0,0,752,767,15,22320,22362,42,507,508,1,100,NoArchChanged
166,166,0,17880,17880,0,5,1,0,0,0,813,813,0,22803,22821,18,532,532,0,100,NoArchChanged
0,0,0,3577,3577,0,0,0,0,0,0,0,0,0,0,0,0,0,0,0,100,NoArchChanged
0,0,0,3577,3577,0,0,0,0,0,0,0,0,0,0,0,0,0,0,0,100,NoArchChanged
0,0,0,3577,3577,0,0,0,0,0,0,0,0,0,0,0,0,0,0,0,100,NoArchChanged
0,0,0,3577,3577,0,0,0,0,0,0,0,0,0,0,0,0,0,0,0,100,NoArchChanged
33,35,2,7152,7156,4,2,51,1,0,1,256,253,3,5861,5670,191,82,81,1,89.35946797,ArchChanged
0,0,0,3579,3579,0,0,0,0,0,0,0,0,0,0,0,0,0,0,0,100,NoArchChanged
0,0,0,3579,3579,0,0,0,0,0,0,0,0,0,0,0,0,0,0,0,100,NoArchChanged
1501,1595,94,228992,231104,2112,64,1197,4,3,7,3467,3301,166,130780,123912,6868,1904,1803,101,93.02699229,ArchChanged
1595,1501,94,231104,228992,2112,64,1197,3,4,7,3301,3467,166,123912,130780,6868,1803,1904,101,93.02699229,ArchChanged
0,0,0,3579,3579,0,0,0,0,0,0,0,0,0,0,0,0,0,0,0,100,NoArchChanged
0,0,0,3579,3579,0,0,0,0,0,0,0,0,0,0,0,0,0,0,0,100,NoArchChanged
40,40,0,10734,10734,0,3,8,0,0,0,47,47,0,2647,2593,54,11,11,0,100,NoArchChanged
1501,1595,94,228992,231104,2112,64,1197,4,3,7,3467,3301,166,130780,123912,6868,1904,1803,101,93.02699229,ArchChanged
0,0,0,3612,3612,0,0,0,0,0,0,0,0,0,0,0,0,0,0,0,100,NoArchChanged
1595,1501,94,231104,228992,2112,64,1197,3,4,7,3301,3467,166,123912,130780,6868,1803,1904,101,93.02699229,ArchChanged
1501,1595,94,228992,231104,2112,64,1197,4,3,7,3467,3301,166,130780,123912,6868,1904,1803,101,93.02699229,ArchChanged
1595,1501,94,231104,228992,2112,64,1177,3,4,7,3302,3467,165,123978,130780,6802,1804,1904,100,93.02699229,ArchChanged
1501,1595,94,228992,231104,2112,64,1196,4,3,7,3468,3302,166,130839,123978,6861,1905,1804,101,93.02699229,ArchChanged
1595,1501,94,231104,228992,2112,64,1196,3,4,7,3302,3468,166,123978,130839,6861,1804,1905,101,93.02699229,ArchChanged
0,0,0,3579,3579,0,0,0,0,0,0,0,0,0,0,0,0,0,0,0,100,NoArchChanged
0,0,0,3579,3579,0,0,0,0,0,0,0,0,0,0,0,0,0,0,0,100,NoArchChanged
0,0,0,3579,3579,0,0,0,0,0,0,0,0,0,0,0,0,0,0,0,100,NoArchChanged
0,0,0,3579,3579,0,0,0,0,0,0,0,0,0,0,0,0,0,0,0,100,NoArchChanged
88,88,0,7156,7156,0,2,3,0,0,0,54,54,0,1390,1432,42,30,30,0,100,NoArchChanged
0,0,0,3579,3579,0,0,0,0,0,0,0,0,0,0,0,0,0,0,0,100,NoArchChanged
0,0,0,3579,3579,0,0,0,0,0,0,0,0,0,0,0,0,0,0,0,100,NoArchChanged
0,0,0,3579,3579,0,0,0,0,0,0,0,0,0,0,0,0,0,0,0,100,NoArchChanged
0,0,0,3579,3579,0,0,0,0,0,0,0,0,0,0,0,0,0,0,0,100,NoArchChanged
0,0,0,3579,3579,0,0,0,0,0,0,0,0,0,0,0,0,0,0,0,100,NoArchChanged
0,0,0,3579,3579,0,0,0,0,0,0,0,0,0,0,0,0,0,0,0,100,NoArchChanged
0,0,0,3579,3579,0,0,0,0,0,0,0,0,0,0,0,0,0,0,0,100,NoArchChanged
0,0,0,3579,3579,0,0,0,0,0,0,0,0,0,0,0,0,0,0,0,100,NoArchChanged
1542,1636,94,228992,231104,2112,64,1199,4,3,7,3455,3289,166,129529,122624,6905,1892,1791,101,93.02699229,ArchChanged
1636,1542,94,231104,228992,2112,64,1199,3,4,7,3289,3455,166,122624,129529,6905,1791,1892,101,93.02699229,ArchChanged
632,634,2,50092,50106,14,14,120,0,0,0,1407,1404,3,39504,38995,509,423,422,1,100,NoArchChanged
1670,1764,94,236214,238392,2178,66,1201,4,3,7,3723,3557,166,136037,129103,6934,1960,1859,101,93.02699229,ArchChanged
1764,1670,94,238392,236214,2178,66,1201,3,4,7,3557,3723,166,129103,136037,6934,1859,1960,101,93.02699229,ArchChanged
0,0,0,3580,3580,0,0,0,0,0,0,0,0,0,0,0,0,0,0,0,100,NoArchChanged
0,0,0,3580,3580,0,0,0,0,0,0,0,0,0,0,0,0,0,0,0,100,NoArchChanged
0,0,0,3580,3580,0,0,0,0,0,0,0,0,0,0,0,0,0,0,0,100,NoArchChanged
0,0,0,3580,3580,0,0,0,0,0,0,0,0,0,0,0,0,0,0,0,100,NoArchChanged
0,0,0,3580,3580,0,0,0,0,0,0,0,0,0,0,0,0,0,0,0,100,NoArchChanged
0,0,0,3580,3580,0,0,0,0,0,0,0,0,0,0,0,0,0,0,0,100,NoArchChanged
0,0,0,3580,3580,0,0,0,0,0,0,0,0,0,0,0,0,0,0,0,100,NoArchChanged
254,254,0,68001,68001,0,19,45,0,0,0,871,874,3,40242,40531,289,403,406,3,100,NoArchChanged
24,25,1,7158,7160,2,2,39,0,0,0,48,41,7,2726,2439,287,33,30,3,100,NoArchChanged
1874,1967,93,297140,299796,2656,83,1207,4,3,7,4232,4070,162,163860,156924,6936,2239,2138,101,93.02699229,ArchChanged
0,0,0,3613,3613,0,0,0,0,0,0,0,0,0,0,0,0,0,0,0,100,NoArchChanged
0,0,0,3613,3613,0,0,0,0,0,0,0,0,0,0,0,0,0,0,0,100,NoArchChanged
0,0,0,3613,3613,0,0,0,0,0,0,0,0,0,0,0,0,0,0,0,100,NoArchChanged
0,0,0,3613,3613,0,0,0,0,0,0,0,0,0,0,0,0,0,0,0,100,NoArchChanged
0,0,0,3613,3613,0,0,0,0,0,0,0,0,0,0,0,0,0,0,0,100,NoArchChanged
0,0,0,3613,3613,0,0,0,0,0,0,0,0,0,0,0,0,0,0,0,100,NoArchChanged
0,0,0,3613,3613,0,0,0,0,0,0,0,0,0,0,0,0,0,0,0,100,NoArchChanged
0,0,0,3613,3613,0,0,0,0,0,0,0,0,0,0,0,0,0,0,0,100,NoArchChanged
0,0,0,3613,3613,0,0,0,0,0,0,0,0,0,0,0,0,0,0,0,100,NoArchChanged
0,0,0,3613,3613,0,0,0,0,0,0,0,0,0,0,0,0,0,0,0,100,NoArchChanged
0,0,0,3613,3613,0,0,0,0,0,0,0,0,0,0,0,0,0,0,0,100,NoArchChanged
0,0,0,3613,3613,0,0,0,0,0,0,0,0,0,0,0,0,0,0,0,100,NoArchChanged
0,0,0,3613,3613,0,0,0,0,0,0,0,0,0,0,0,0,0,0,0,100,NoArchChanged
0,0,0,3613,3613,0,0,0,0,0,0,0,0,0,0,0,0,0,0,0,100,NoArchChanged
0,0,0,3613,3613,0,0,0,0,0,0,0,0,0,0,0,0,0,0,0,100,NoArchChanged
0,0,0,3613,3613,0,0,0,0,0,0,0,0,0,0,0,0,0,0,0,100,NoArchChanged
0,0,0,3613,3613,0,0,0,0,0,0,0,0,0,0,0,0,0,0,0,100,NoArchChanged
0,0,0,3613,3613,0,0,0,0,0,0,0,0,0,0,0,0,0,0,0,100,NoArchChanged
0,0,0,3613,3613,0,0,0,0,0,0,0,0,0,0,0,0,0,0,0,100,NoArchChanged
0,0,0,3613,3613,0,0,0,0,0,0,0,0,0,0,0,0,0,0,0,100,NoArchChanged
0,0,0,3613,3613,0,0,0,0,0,0,0,0,0,0,0,0,0,0,0,100,NoArchChanged
0,0,0,3613,3613,0,0,0,0,0,0,0,0,0,0,0,0,0,0,0,100,NoArchChanged
2027,1922,105,303408,300720,2688,84,1166,3,4,7,4125,4285,160,158605,165226,6621,2154,2253,99,93.02699229,ArchChanged
1874,1967,93,297140,299796,2656,83,1207,4,3,7,4234,4072,162,164171,157235,6936,2241,2140,101,93.02699229,ArchChanged
431,431,0,7224,7224,0,2,7,0,0,0,582,582,0,13831,13828,3,253,253,0,100,NoArchChanged
0,0,0,3613,3613,0,0,0,0,0,0,0,0,0,0,0,0,0,0,0,100,NoArchChanged
115,115,0,10836,10836,0,3,3,0,0,0,276,276,0,9544,9514,30,154,154,0,100,NoArchChanged
0,0,0,3613,3613,0,0,0,0,0,0,0,0,0,0,0,0,0,0,0,100,NoArchChanged
0,0,0,3613,3613,0,0,0,0,0,0,0,0,0,0,0,0,0,0,0,100,NoArchChanged
0,0,0,3613,3613,0,0,0,0,0,0,0,0,0,0,0,0,0,0,0,100,NoArchChanged
31,31,0,3612,3612,0,1,0,0,0,0,145,145,0,3759,3763,4,46,46,0,100,NoArchChanged
31,31,0,3612,3612,0,1,1,0,0,0,145,145,0,3759,3759,0,46,46,0,100,NoArchChanged
0,0,0,3613,3613,0,0,0,0,0,0,0,0,0,0,0,0,0,0,0,100,NoArchChanged
0,0,0,3613,3613,0,0,0,0,0,0,0,0,0,0,0,0,0,0,0,100,NoArchChanged
0,0,0,3613,3613,0,0,0,0,0,0,0,0,0,0,0,0,0,0,0,100,NoArchChanged
34,36,2,7224,7228,4,2,51,1,0,1,261,258,3,6045,5854,191,87,86,1,92.3828125,ArchChanged
0,0,0,3615,3615,0,0,0,0,0,0,0,0,0,0,0,0,0,0,0,100,NoArchChanged
24,25,1,7228,7230,2,2,39,0,0,0,48,41,7,2726,2439,287,33,30,3,100,NoArchChanged
0,0,0,3616,3616,0,0,0,0,0,0,0,0,0,0,0,0,0,0,0,100,NoArchChanged
0,0,0,3616,3616,0,0,0,0,0,0,0,0,0,0,0,0,0,0,0,100,NoArchChanged
0,0,0,3616,3616,0,0,0,0,0,0,0,0,0,0,0,0,0,0,0,100,NoArchChanged
0,0,0,3616,3616,0,0,0,0,0,0,0,0,0,0,0,0,0,0,0,100,NoArchChanged
0,0,0,3616,3616,0,0,0,0,0,0,0,0,0,0,0,0,0,0,0,100,NoArchChanged
0,0,0,3616,3616,0,0,0,0,0,0,0,0,0,0,0,0,0,0,0,100,NoArchChanged
0,0,0,3616,3616,0,0,0,0,0,0,0,0,0,0,0,0,0,0,0,100,NoArchChanged
0,0,0,3616,3616,0,0,0,0,0,0,0,0,0,0,0,0,0,0,0,100,NoArchChanged
0,0,0,3616,3616,0,0,0,0,0,0,0,0,0,0,0,0,0,0,0,100,NoArchChanged
0,0,0,3616,3616,0,0,0,0,0,0,0,0,0,0,0,0,0,0,0,100,NoArchChanged
31,31,0,7230,7230,0,2,0,0,0,0,23,23,0,1292,1288,4,11,11,0,100,NoArchChanged
0,0,0,3616,3616,0,0,0,0,0,0,0,0,0,0,0,0,0,0,0,100,NoArchChanged
2053,1992,61,285585,284874,711,79,497,4,4,8,4244,4257,13,157050,159695,2645,2093,2134,41,88.79047037,ArchChanged
1678,1774,96,266844,269434,2590,74,1292,4,2,6,3754,3582,172,147380,139933,7447,2001,1896,105,91.17647059,ArchChanged
1842,1746,96,276716,274056,2660,76,1292,2,4,6,3767,3936,169,146323,153758,7435,2002,2107,105,91.17647059,ArchChanged
1678,1774,96,266844,269434,2590,74,1292,4,2,6,3754,3582,172,147380,139933,7447,2001,1896,105,91.17647059,ArchChanged
1808,1713,95,280357,277662,2695,77,1318,2,5,7,3740,3913,173,144973,152428,7455,1961,2067,106,92.61067708,ArchChanged
0,0,0,3607,3607,0,0,0,0,0,0,0,0,0,0,0,0,0,0,0,100,NoArchChanged
1713,1808,95,277662,280357,2695,77,1318,5,2,7,3913,3740,173,152428,144973,7455,2067,1961,106,92.61067708,ArchChanged
1808,1713,95,280357,277662,2695,77,1318,2,5,7,3740,3913,173,144973,152428,7455,1961,2067,106,92.61067708,ArchChanged
1713,1808,95,277662,280357,2695,77,1318,5,2,7,3913,3740,173,152428,144973,7455,2067,1961,106,92.61067708,ArchChanged
0,0,0,3642,3642,0,0,0,0,0,0,0,0,0,0,0,0,0,0,0,100,NoArchChanged
0,0,0,3642,3642,0,0,0,0,0,0,0,0,0,0,0,0,0,0,0,100,NoArchChanged
34,34,0,10923,10923,0,3,26,0,1,1,158,159,1,5040,5048,8,65,66,1,99.85154394,NoArchChanged
1782,1686,96,273075,270450,2625,75,1293,2,4,6,3598,3770,172,140286,147732,7446,1899,2004,105,92.67100977,ArchChanged
0,0,0,3607,3607,0,0,0,0,0,0,0,0,0,0,0,0,0,0,0,100,NoArchChanged
1686,1782,96,270450,273075,2625,75,1293,4,2,6,3770,3598,172,147732,140286,7446,2004,1899,105,92.67100977,ArchChanged
1946,1849,97,276716,274056,2660,76,1293,2,4,6,3930,4102,172,147785,155230,7445,2002,2107,105,92.67100977,ArchChanged
391,391,0,7212,7212,0,2,8,0,0,0,546,546,0,18063,17986,77,268,267,1,100,NoArchChanged
0,0,0,3607,3607,0,0,0,0,0,0,0,0,0,0,0,0,0,0,0,100,NoArchChanged
27,27,0,7212,7212,0,2,1,0,0,0,70,70,0,2490,2476,14,7,7,0,100,NoArchChanged
0,0,0,3607,3607,0,0,0,0,0,0,0,0,0,0,0,0,0,0,0,100,NoArchChanged
1899,1996,97,284874,287639,2765,79,1284,4,2,6,4262,4090,172,165364,158010,7354,2189,2085,104,92.67100977,ArchChanged
27,27,0,7282,7282,0,2,1,0,0,0,70,70,0,2490,2476,14,7,7,0,100,NoArchChanged
0,0,0,3642,3642,0,0,0,0,0,0,0,0,0,0,0,0,0,0,0,100,NoArchChanged
130,130,0,7282,7282,0,2,2,0,0,0,269,269,0,6580,6609,29,68,68,0,100,NoArchChanged
1839,1742,97,273075,270450,2625,75,1283,2,4,6,3751,3923,172,148940,156279,7339,2010,2114,104,92.67100977,ArchChanged
1742,1839,97,270450,273075,2625,75,1283,4,2,6,3923,3751,172,156279,148940,7339,2114,2010,104,92.67100977,ArchChanged
1839,1742,97,273075,270450,2625,75,1283,2,4,6,3751,3923,172,148940,156279,7339,2010,2114,104,92.67100977,ArchChanged
0,0,0,3607,3607,0,0,0,0,0,0,0,0,0,0,0,0,0,0,0,100,NoArchChanged
16,16,0,3606,3606,0,1,1,0,0,0,157,157,0,3677,3690,13,24,24,0,100,NoArchChanged
0,0,0,3607,3607,0,0,0,0,0,0,0,0,0,0,0,0,0,0,0,100,NoArchChanged
0,0,0,3607,3607,0,0,0,0,0,0,0,0,0,0,0,0,0,0,0,100,NoArchChanged
0,0,0,3607,3607,0,0,0,0,0,0,0,0,0,0,0,0,0,0,0,100,NoArchChanged
0,0,0,3607,3607,0,0,0,0,0,0,0,0,0,0,0,0,0,0,0,100,NoArchChanged
53,53,0,10818,10818,0,3,0,0,0,0,195,195,0,6292,6312,20,108,108,0,100,NoArchChanged
25,25,0,3606,3606,0,1,1,0,0,0,24,24,0,625,631,6,11,11,0,100,NoArchChanged
0,0,0,3607,3607,0,0,0,0,0,0,0,0,0,0,0,0,0,0,0,100,NoArchChanged
86,86,0,3606,3606,0,1,4,0,0,0,76,76,0,1720,1732,12,39,39,0,100,NoArchChanged
0,0,0,3607,3607,0,0,0,0,0,0,0,0,0,0,0,0,0,0,0,100,NoArchChanged
0,0,0,3607,3607,0,0,0,0,0,0,0,0,0,0,0,0,0,0,0,100,NoArchChanged
0,0,0,3607,3607,0,0,0,0,0,0,0,0,0,0,0,0,0,0,0,100,NoArchChanged
0,0,0,3607,3607,0,0,0,0,0,0,0,0,0,0,0,0,0,0,0,100,NoArchChanged
0,0,0,3607,3607,0,0,0,0,0,0,0,0,0,0,0,0,0,0,0,100,NoArchChanged
0,0,0,3607,3607,0,0,0,0,0,0,0,0,0,0,0,0,0,0,0,100,NoArchChanged
98,98,0,3606,3606,0,1,0,0,0,0,125,124,1,3049,3045,4,33,33,0,100,NoArchChanged
0,0,0,3607,3607,0,0,0,0,0,0,0,0,0,0,0,0,0,0,0,100,NoArchChanged
0,0,0,3607,3607,0,0,0,0,0,0,0,0,0,0,0,0,0,0,0,100,NoArchChanged
0,0,0,3607,3607,0,0,0,0,0,0,0,0,0,0,0,0,0,0,0,100,NoArchChanged
16,16,0,3606,3606,0,1,11,0,0,0,154,157,3,3597,3677,80,24,24,0,100,NoArchChanged
19,19,0,3606,3606,0,1,2,0,0,0,88,88,0,2708,2762,54,19,19,0,100,NoArchChanged
19,21,2,7212,7214,2,2,40,1,0,1,89,88,1,2772,2708,64,20,19,1,99.89193084,NoArchChanged
274,274,0,14428,14428,0,4,14,0,0,0,725,727,2,18536,18602,66,228,228,0,100,NoArchChanged
54,54,0,3607,3607,0,1,8,0,0,0,6,6,0,554,501,53,4,4,0,100,NoArchChanged
28,28,0,7214,7214,0,2,25,0,0,0,105,103,2,3522,3284,238,31,29,2,100,NoArchChanged
65,65,0,7214,7214,0,2,18,0,0,0,37,35,2,1163,1074,89,23,22,1,100,NoArchChanged
0,0,0,3608,3608,0,0,0,0,0,0,0,0,0,0,0,0,0,0,0,100,NoArchChanged
0,0,0,3608,3608,0,0,0,0,0,0,0,0,0,0,0,0,0,0,0,100,NoArchChanged
0,0,0,3608,3608,0,0,0,0,0,0,0,0,0,0,0,0,0,0,0,100,NoArchChanged
0,0,0,3608,3608,0,0,0,0,0,0,0,0,0,0,0,0,0,0,0,100,NoArchChanged
64,64,0,3607,3607,0,1,3,0,0,0,33,33,0,876,854,22,20,20,0,100,NoArchChanged
0,0,0,3608,3608,0,0,0,0,0,0,0,0,0,0,0,0,0,0,0,100,NoArchChanged
0,0,0,3608,3608,0,0,0,0,0,0,0,0,0,0,0,0,0,0,0,100,NoArchChanged
0,0,0,3608,3608,0,0,0,0,0,0,0,0,0,0,0,0,0,0,0,100,NoArchChanged
34,34,0,3607,3607,0,1,0,0,0,0,255,255,0,5701,5705,4,81,81,0,100,NoArchChanged
0,0,0,3608,3608,0,0,0,0,0,0,0,0,0,0,0,0,0,0,0,100,NoArchChanged
0,0,0,3608,3608,0,0,0,0,0,0,0,0,0,0,0,0,0,0,0,100,NoArchChanged
0,0,0,3608,3608,0,0,0,0,0,0,0,0,0,0,0,0,0,0,0,100,NoArchChanged
0,0,0,3608,3608,0,0,0,0,0,0,0,0,0,0,0,0,0,0,0,100,NoArchChanged
97,100,3,10821,10824,3,3,168,0,0,0,287,273,14,8639,8040,599,68,60,8,99.96400288,NoArchChanged
0,0,0,3609,3609,0,0,0,0,0,0,0,0,0,0,0,0,0,0,0,100,NoArchChanged
16,16,0,7216,7216,0,2,10,0,0,0,55,53,2,2139,2035,104,8,8,0,100,NoArchChanged
0,0,0,3609,3609,0,0,0,0,0,0,0,0,0,0,0,0,0,0,0,100,NoArchChanged
0,0,0,3609,3609,0,0,0,0,0,0,0,0,0,0,0,0,0,0,0,100,NoArchChanged
6,6,0,3608,3608,0,1,0,0,0,0,5,5,0,309,306,3,2,2,0,100,NoArchChanged
0,0,0,3609,3609,0,0,0,0,0,0,0,0,0,0,0,0,0,0,0,100,NoArchChanged
0,0,0,3609,3609,0,0,0,0,0,0,0,0,0,0,0,0,0,0,0,100,NoArchChanged
0,0,0,3609,3609,0,0,0,0,0,0,0,0,0,0,0,0,0,0,0,100,NoArchChanged
391,391,0,7216,7216,0,2,36,0,0,0,482,477,5,11767,11598,169,216,213,3,100,NoArchChanged
83,83,0,21648,21648,0,6,45,0,0,0,378,373,5,14067,13879,188,140,137,3,100,NoArchChanged
0,0,0,3609,3609,0,0,0,0,0,0,0,0,0,0,0,0,0,0,0,100,NoArchChanged
0,0,0,3609,3609,0,0,0,0,0,0,0,0,0,0,0,0,0,0,0,100,NoArchChanged
0,0,0,3609,3609,0,0,0,0,0,0,0,0,0,0,0,0,0,0,0,100,NoArchChanged
0,0,0,3609,3609,0,0,0,0,0,0,0,0,0,0,0,0,0,0,0,100,NoArchChanged
0,0,0,3609,3609,0,0,0,0,0,0,0,0,0,0,0,0,0,0,0,100,NoArchChanged
0,0,0,3609,3609,0,0,0,0,0,0,0,0,0,0,0,0,0,0,0,100,NoArchChanged
0,0,0,3609,3609,0,0,0,0,0,0,0,0,0,0,0,0,0,0,0,100,NoArchChanged
0,0,0,3609,3609,0,0,0,0,0,0,0,0,0,0,0,0,0,0,0,100,NoArchChanged
0,0,0,3609,3609,0,0,0,0,0,0,0,0,0,0,0,0,0,0,0,100,NoArchChanged
0,0,0,3609,3609,0,0,0,0,0,0,0,0,0,0,0,0,0,0,0,100,NoArchChanged
0,0,0,3609,3609,0,0,0,0,0,0,0,0,0,0,0,0,0,0,0,100,NoArchChanged
0,0,0,3609,3609,0,0,0,0,0,0,0,0,0,0,0,0,0,0,0,100,NoArchChanged
0,0,0,3609,3609,0,0,0,0,0,0,0,0,0,0,0,0,0,0,0,100,NoArchChanged
0,0,0,3609,3609,0,0,0,0,0,0,0,0,0,0,0,0,0,0,0,100,NoArchChanged
0,0,0,3609,3609,0,0,0,0,0,0,0,0,0,0,0,0,0,0,0,100,NoArchChanged
0,0,0,3609,3609,0,0,0,0,0,0,0,0,0,0,0,0,0,0,0,100,NoArchChanged
88,90,2,7216,7218,2,2,20,0,0,0,239,236,3,7493,7399,94,64,62,2,100,NoArchChanged
0,0,0,3610,3610,0,0,0,0,0,0,0,0,0,0,0,0,0,0,0,100,NoArchChanged
0,0,0,3610,3610,0,0,0,0,0,0,0,0,0,0,0,0,0,0,0,100,NoArchChanged
0,0,0,3610,3610,0,0,0,0,0,0,0,0,0,0,0,0,0,0,0,100,NoArchChanged
0,0,0,3610,3610,0,0,0,0,0,0,0,0,0,0,0,0,0,0,0,100,NoArchChanged
0,0,0,3610,3610,0,0,0,0,0,0,0,0,0,0,0,0,0,0,0,100,NoArchChanged
0,0,0,3610,3610,0,0,0,0,0,0,0,0,0,0,0,0,0,0,0,100,NoArchChanged
0,0,0,3610,3610,0,0,0,0,0,0,0,0,0,0,0,0,0,0,0,100,NoArchChanged
0,0,0,3610,3610,0,0,0,0,0,0,0,0,0,0,0,0,0,0,0,100,NoArchChanged
0,0,0,3610,3610,0,0,0,0,0,0,0,0,0,0,0,0,0,0,0,100,NoArchChanged
0,0,0,3610,3610,0,0,0,0,0,0,0,0,0,0,0,0,0,0,0,100,NoArchChanged
0,0,0,3610,3610,0,0,0,0,0,0,0,0,0,0,0,0,0,0,0,100,NoArchChanged
0,0,0,3610,3610,0,0,0,0,0,0,0,0,0,0,0,0,0,0,0,100,NoArchChanged
0,0,0,3610,3610,0,0,0,0,0,0,0,0,0,0,0,0,0,0,0,100,NoArchChanged
0,0,0,3610,3610,0,0,0,0,0,0,0,0,0,0,0,0,0,0,0,100,NoArchChanged
0,0,0,3610,3610,0,0,0,0,0,0,0,0,0,0,0,0,0,0,0,100,NoArchChanged
22,22,0,3609,3609,0,1,1,0,0,0,332,332,0,11135,11126,9,191,191,0,100,NoArchChanged
0,0,0,3610,3610,0,0,0,0,0,0,0,0,0,0,0,0,0,0,0,100,NoArchChanged
0,0,0,3610,3610,0,0,0,0,0,0,0,0,0,0,0,0,0,0,0,100,NoArchChanged
0,0,0,3610,3610,0,0,0,0,0,0,0,0,0,0,0,0,0,0,0,100,NoArchChanged
83,77,6,21654,21648,6,6,58,1,1,2,29,24,5,1535,1212,323,17,13,4,99.7839395,NoArchChanged
48,48,0,7216,7216,0,2,18,0,0,0,328,327,1,11796,11694,102,125,124,1,100,NoArchChanged
14,14,0,3608,3608,0,1,4,0,0,0,70,71,1,6044,6062,18,41,42,1,100,NoArchChanged
8,30,22,10824,10890,66,3,534,1,0,1,113,34,79,4494,1822,2672,60,17,43,99.89196975,NoArchChanged
45,45,0,21780,21780,0,6,2,0,0,0,115,115,0,3520,3520,0,69,69,0,100,NoArchChanged
10,10,0,7260,7260,0,2,3,0,0,0,19,19,0,823,823,0,8,8,0,100,NoArchChanged
0,0,0,3631,3631,0,0,0,0,0,0,0,0,0,0,0,0,0,0,0,100,NoArchChanged
0,0,0,3631,3631,0,0,0,0,0,0,0,0,0,0,0,0,0,0,0,100,NoArchChanged
14,14,0,3630,3630,0,1,16,0,0,0,34,33,1,6636,6522,114,24,23,1,100,NoArchChanged
0,0,0,3631,3631,0,0,0,0,0,0,0,0,0,0,0,0,0,0,0,100,NoArchChanged
404,406,2,10890,10893,3,3,158,0,0,0,560,535,25,14731,13059,1672,237,222,15,100,NoArchChanged
57,57,0,3631,3631,0,1,0,0,0,0,43,43,0,1289,1289,0,23,23,0,100,NoArchChanged
57,57,0,3631,3631,0,1,24,0,0,0,43,43,0,1289,1289,0,23,23,0,100,NoArchChanged
112,112,0,3631,3631,0,1,0,0,0,0,55,55,0,1561,1543,18,26,26,0,100,NoArchChanged
12,12,0,3631,3631,0,1,17,0,0,0,36,35,1,1829,1683,146,32,31,1,100,NoArchChanged
12,12,0,3631,3631,0,1,4,0,0,0,36,36,0,1857,1829,28,32,32,0,100,NoArchChanged
0,0,0,3632,3632,0,0,0,0,0,0,0,0,0,0,0,0,0,0,0,100,NoArchChanged
128,128,0,14524,14524,0,4,2,0,0,0,424,424,0,10709,10627,82,133,133,0,100,NoArchChanged
0,0,0,3632,3632,0,0,0,0,0,0,0,0,0,0,0,0,0,0,0,100,NoArchChanged
251,252,1,94406,94432,26,26,60,0,0,0,370,370,0,34402,34118,284,246,246,0,100,NoArchChanged
128,133,5,10896,10902,6,3,27,0,0,0,98,94,4,3708,3494,214,63,61,2,99.49622166,NoArchChanged
14,14,0,3634,3634,0,1,18,0,0,0,72,70,2,6151,6044,107,42,41,1,100,NoArchChanged
0,0,0,3635,3635,0,0,0,0,0,0,0,0,0,0,0,0,0,0,0,100,NoArchChanged
0,0,0,3635,3635,0,0,0,0,0,0,0,0,0,0,0,0,0,0,0,100,NoArchChanged
0,0,0,3635,3635,0,0,0,0,0,0,0,0,0,0,0,0,0,0,0,100,NoArchChanged
396,400,4,32706,32742,36,9,20,0,0,0,755,751,4,36620,36522,98,377,376,1,99.11158493,NoArchChanged
0,0,0,3639,3639,0,0,0,0,0,0,0,0,0,0,0,0,0,0,0,100,NoArchChanged
0,0,0,3639,3639,0,0,0,0,0,0,0,0,0,0,0,0,0,0,0,100,NoArchChanged
0,0,0,3639,3639,0,0,0,0,0,0,0,0,0,0,0,0,0,0,0,100,NoArchChanged
0,0,0,3639,3639,0,0,0,0,0,0,0,0,0,0,0,0,0,0,0,100,NoArchChanged
0,0,0,3639,3639,0,0,0,0,0,0,0,0,0,0,0,0,0,0,0,100,NoArchChanged
22,22,0,3638,3638,0,1,0,0,0,0,76,76,0,2436,2442,6,42,42,0,100,NoArchChanged
47,61,14,10914,10941,27,3,189,2,0,2,28,13,15,1694,663,1031,14,5,9,99.82474588,NoArchChanged
405,405,0,76587,76587,0,21,24,0,0,0,1208,1208,0,35361,34927,434,675,675,0,100,NoArchChanged
0,0,0,3648,3648,0,0,0,0,0,0,0,0,0,0,0,0,0,0,0,100,NoArchChanged
0,0,0,3648,3648,0,0,0,0,0,0,0,0,0,0,0,0,0,0,0,100,NoArchChanged
0,0,0,3648,3648,0,0,0,0,0,0,0,0,0,0,0,0,0,0,0,100,NoArchChanged
57,56,1,3647,3646,1,1,28,0,0,0,48,43,5,1425,1289,136,24,23,1,100,NoArchChanged
0,0,0,3647,3647,0,0,0,0,0,0,0,0,0,0,0,0,0,0,0,100,NoArchChanged
0,0,0,3647,3647,0,0,0,0,0,0,0,0,0,0,0,0,0,0,0,100,NoArchChanged
42,46,4,14584,14596,12,4,45,0,0,0,280,275,5,6906,6513,393,101,97,4,99.9650105,NoArchChanged
115,115,0,3649,3649,0,1,1,0,0,0,112,112,0,2896,2890,6,44,44,0,100,NoArchChanged
0,0,0,3650,3650,0,0,0,0,0,0,0,0,0,0,0,0,0,0,0,100,NoArchChanged
372,372,0,3649,3649,0,1,8,0,0,0,461,461,0,10486,10422,64,194,194,0,100,NoArchChanged
95,83,12,43788,43668,120,12,153,1,1,2,227,237,10,10931,11787,856,126,137,11,93.0740038,ArchChanged
0,0,0,3640,3640,0,0,0,0,0,0,0,0,0,0,0,0,0,0,0,100,NoArchChanged
268,268,0,10917,10917,0,3,47,0,0,0,473,467,6,11611,11366,245,140,137,3,100,NoArchChanged
8,8,0,7278,7278,0,2,29,0,0,0,38,37,1,2283,2058,225,19,18,1,100,NoArchChanged
113,113,0,7278,7278,0,2,3,0,0,0,385,385,0,14750,14716,34,164,164,0,100,NoArchChanged
132,160,28,32751,32913,162,9,312,4,0,4,264,226,38,11393,10224,1169,146,119,27,99.6835443,NoArchChanged
148,148,0,7314,7314,0,2,16,0,0,0,103,98,5,2845,2734,111,40,38,2,100,NoArchChanged
7,7,0,3657,3657,0,1,3,0,0,0,25,25,0,1254,1206,48,8,8,0,100,NoArchChanged
166,166,0,3657,3657,0,1,0,0,0,0,333,333,0,7536,7536,0,104,104,0,100,NoArchChanged
0,0,0,3658,3658,0,0,0,0,0,0,0,0,0,0,0,0,0,0,0,100,NoArchChanged
0,0,0,3658,3658,0,0,0,0,0,0,0,0,0,0,0,0,0,0,0,100,NoArchChanged
0,0,0,3658,3658,0,0,0,0,0,0,0,0,0,0,0,0,0,0,0,100,NoArchChanged
0,0,0,3658,3658,0,0,0,0,0,0,0,0,0,0,0,0,0,0,0,100,NoArchChanged
49,57,8,7314,7328,14,2,239,1,0,1,73,53,20,2818,1370,1448,32,14,18,99.94266055,NoArchChanged
0,0,0,3665,3665,0,0,0,0,0,0,0,0,0,0,0,0,0,0,0,100,NoArchChanged
376,376,0,3664,3664,0,1,1,0,0,0,461,461,0,10491,10486,5,194,194,0,100,NoArchChanged
376,376,0,3664,3664,0,1,1,0,0,0,461,461,0,10488,10491,3,194,194,0,100,NoArchChanged
0,0,0,3665,3665,0,0,0,0,0,0,0,0,0,0,0,0,0,0,0,100,NoArchChanged
0,0,0,3665,3665,0,0,0,0,0,0,0,0,0,0,0,0,0,0,0,100,NoArchChanged
0,0,0,3665,3665,0,0,0,0,0,0,0,0,0,0,0,0,0,0,0,100,NoArchChanged
0,0,0,3665,3665,0,0,0,0,0,0,0,0,0,0,0,0,0,0,0,100,NoArchChanged
0,0,0,3665,3665,0,0,0,0,0,0,0,0,0,0,0,0,0,0,0,100,NoArchChanged
0,0,0,3665,3665,0,0,0,0,0,0,0,0,0,0,0,0,0,0,0,100,NoArchChanged
0,0,0,3665,3665,0,0,0,0,0,0,0,0,0,0,0,0,0,0,0,100,NoArchChanged
25,25,0,7328,7328,0,2,0,0,0,0,153,153,0,4156,4152,4,43,43,0,100,NoArchChanged
0,0,0,3664,3664,0,1,52,1,0,1,1,0,1,186,0,186,1,0,1,99.94272623,NoArchChanged
0,0,0,3665,3665,0,0,0,0,0,0,0,0,0,0,0,0,0,0,0,100,NoArchChanged
0,0,0,3665,3665,0,0,0,0,0,0,0,0,0,0,0,0,0,0,0,100,NoArchChanged
0,0,0,3665,3665,0,0,0,0,0,0,0,0,0,0,0,0,0,0,0,100,NoArchChanged
0,0,0,3665,3665,0,0,0,0,0,0,0,0,0,0,0,0,0,0,0,100,NoArchChanged
0,0,0,3665,3665,0,0,0,0,0,0,0,0,0,0,0,0,0,0,0,100,NoArchChanged
0,0,0,3665,3665,0,0,0,0,0,0,0,0,0,0,0,0,0,0,0,100,NoArchChanged
