BeforeFilesDeps,AfterFilesDeps,ChangedFileDeps,BeforeCommitDeps,AfterCommitDeps,ChangedDeps,JavaFileNum,TotalChangedLines,FileAddNum,FileDeleteNum,FileChangedNum,CommitComplexity,LastCommitComplexity,changedComplexity,CommitTokenCount,LastCommitTokenCount,changedToken,CommitMethodNum,LastCommitMethodNum,ChangedMethodNum,A2A,Tag
0,0,0,3613,3613,0,0,0,0,0,0,0,0,0,0,0,0,0,0,0,100.0,NoArchChanged
709,707,2,39732,39721,11,11,31,0,1,1,1555,1557,2,49597,49628,31,689,691,2,99.83993597,NoArchChanged
0,0,0,2864,2864,0,0,0,0,0,0,0,0,0,0,0,0,0,0,0,100.0,NoArchChanged
0,0,0,3152,3152,0,0,0,0,0,0,0,0,0,0,0,0,0,0,0,100.0,NoArchChanged
0,0,0,3571,3571,0,0,0,0,0,0,0,0,0,0,0,0,0,0,0,100.0,NoArchChanged
35,38,3,9003,9009,6,3,24,1,0,1,353,350,3,10305,10096,209,286,285,1,99.91386736,NoArchChanged
1059,1043,16,68742,68609,133,19,325,0,2,2,1813,1847,34,61267,63139,1872,845,872,27,99.79991997,NoArchChanged
29,29,0,5649,5649,0,3,54,0,0,0,39,39,0,1623,1623,0,26,26,0,100.0,NoArchChanged
13,13,0,1069,1069,0,1,7,0,0,0,107,107,0,2677,2654,23,25,25,0,100.0,NoArchChanged
0,0,0,2864,2864,0,0,0,0,0,0,0,0,0,0,0,0,0,0,0,100.0,NoArchChanged
451,451,0,25144,25144,0,7,45,0,0,0,896,896,0,25565,25562,3,304,304,0,100.0,NoArchChanged
0,0,0,3236,3236,0,0,0,0,0,0,0,0,0,0,0,0,0,0,0,100.0,NoArchChanged
0,0,0,3609,3609,0,0,0,0,0,0,0,0,0,0,0,0,0,0,0,100.0,NoArchChanged
0,0,0,1884,1884,0,0,0,0,0,0,0,0,0,0,0,0,0,0,0,100.0,NoArchChanged
92,152,60,13897,14248,351,13,794,4,0,4,263,168,95,11388,7462,3926,111,56,55,98.0127186,NoArchChanged
57,57,0,3631,3631,0,1,0,0,0,0,43,43,0,1289,1289,0,23,23,0,100.0,NoArchChanged
0,0,0,2995,2995,0,0,0,0,0,0,0,0,0,0,0,0,0,0,0,100.0,NoArchChanged
8,30,22,10824,10890,66,3,534,1,0,1,113,34,79,4494,1822,2672,60,17,43,99.89196975,NoArchChanged
94,84,10,11018,10983,35,7,669,0,4,4,318,405,87,10436,13987,3551,106,138,32,99.31034483,NoArchChanged
0,0,0,3612,3612,0,0,0,0,0,0,0,0,0,0,0,0,0,0,0,100.0,NoArchChanged
0,0,0,2842,2842,0,0,0,0,0,0,0,0,0,0,0,0,0,0,0,100.0,NoArchChanged
84,84,0,8982,8982,0,3,6,0,0,0,195,195,0,6775,6671,104,127,127,0,100.0,NoArchChanged
0,0,0,3101,3101,0,0,0,0,0,0,0,0,0,0,0,0,0,0,0,100.0,NoArchChanged
1143,1161,18,90275,90500,225,25,395,2,0,2,2120,2079,41,72521,70167,2354,1005,972,33,99.79991997,NoArchChanged
141,141,0,2994,2994,0,1,0,0,0,0,315,315,0,7122,7120,2,96,96,0,100.0,NoArchChanged
0,0,0,450,450,0,0,0,0,0,0,0,0,0,0,0,0,0,0,0,100.0,NoArchChanged
217,209,8,8848,8816,32,8,12,0,0,0,587,587,0,17389,17437,48,212,211,1,99.9222395,NoArchChanged
31,31,0,1660,1660,0,2,15,0,0,0,179,177,2,6665,6583,82,72,71,1,100.0,NoArchChanged
0,0,0,3236,3236,0,0,0,0,0,0,0,0,0,0,0,0,0,0,0,100.0,NoArchChanged
752,750,2,63084,63063,21,21,282,0,0,0,1309,1272,37,42764,40841,1923,604,590,14,99.91394148,NoArchChanged
707,709,2,39721,39732,11,11,31,1,0,1,1557,1555,2,49628,49597,31,691,689,2,99.83993597,NoArchChanged
0,0,0,3577,3577,0,0,0,0,0,0,0,0,0,0,0,0,0,0,0,100.0,NoArchChanged
474,497,23,40845,41010,165,15,454,2,0,2,945,872,73,40130,37580,2550,425,402,23,99.85350132,NoArchChanged
528,528,0,25277,25277,0,7,26,0,0,0,1001,1001,0,32228,32433,205,405,405,0,100.0,NoArchChanged
0,0,0,3621,3621,0,0,0,0,0,0,0,0,0,0,0,0,0,0,0,100.0,NoArchChanged
94,94,0,6376,6376,0,2,16,0,0,0,182,180,2,6258,6230,28,94,92,2,100.0,NoArchChanged
116,123,7,14328,14348,20,4,121,1,0,1,60,52,8,2523,1985,538,29,24,5,99.91941982,NoArchChanged
0,0,0,3579,3579,0,0,0,0,0,0,0,0,0,0,0,0,0,0,0,100.0,NoArchChanged
154,156,2,5988,5990,2,2,67,0,0,0,360,356,4,11663,11060,603,126,125,1,99.95751912,NoArchChanged
70,70,0,19116,19116,0,6,108,0,0,0,286,280,6,9850,9465,385,106,100,6,100.0,NoArchChanged
14,14,0,3634,3634,0,1,18,0,0,0,72,70,2,6151,6044,107,42,41,1,100.0,NoArchChanged
0,0,0,3621,3621,0,0,0,0,0,0,0,0,0,0,0,0,0,0,0,100.0,NoArchChanged
24,25,1,7228,7230,2,2,39,0,0,0,48,41,7,2726,2439,287,33,30,3,100.0,NoArchChanged
707,709,2,39721,39732,11,11,31,1,0,1,1557,1555,2,49628,49597,31,691,689,2,99.83993597,NoArchChanged
0,0,0,2865,2865,0,0,0,0,0,0,0,0,0,0,0,0,0,0,0,100.0,NoArchChanged
0,0,0,3236,3236,0,0,0,0,0,0,0,0,0,0,0,0,0,0,0,100.0,NoArchChanged
0,0,0,830,830,0,0,0,0,0,0,0,0,0,0,0,0,0,0,0,100.0,NoArchChanged
0,0,0,3621,3621,0,0,0,0,0,0,0,0,0,0,0,0,0,0,0,100.0,NoArchChanged
1102,1086,16,79596,79442,154,22,325,0,2,2,1865,1899,34,63128,65000,1872,877,904,27,99.79991997,NoArchChanged
0,0,0,1100,1100,0,0,0,0,0,0,0,0,0,0,0,0,0,0,0,100.0,NoArchChanged
0,0,0,497,497,0,0,0,0,0,0,0,0,0,0,0,0,0,0,0,100.0,NoArchChanged
89,89,0,21456,21456,0,6,0,0,0,0,431,431,0,21204,21196,8,355,355,0,100.0,NoArchChanged
0,0,0,2873,2873,0,0,0,0,0,0,0,0,0,0,0,0,0,0,0,100.0,NoArchChanged
97,100,3,10821,10824,3,3,168,0,0,0,287,273,14,8639,8040,599,68,60,8,99.96400288,NoArchChanged
0,0,0,3577,3577,0,0,0,0,0,0,0,0,0,0,0,0,0,0,0,100.0,NoArchChanged
0,0,0,3045,3045,0,0,0,0,0,0,0,0,0,0,0,0,0,0,0,100.0,NoArchChanged
14,14,0,3187,3187,0,1,2,0,0,0,12,12,0,2225,2179,46,10,10,0,100.0,NoArchChanged
0,0,0,834,834,0,0,0,0,0,0,0,0,0,0,0,0,0,0,0,100.0,NoArchChanged
0,0,0,2864,2864,0,0,0,0,0,0,0,0,0,0,0,0,0,0,0,100.0,NoArchChanged
0,0,0,3236,3236,0,0,0,0,0,0,0,0,0,0,0,0,0,0,0,100.0,NoArchChanged
41,55,14,8523,8547,24,3,488,2,0,2,100,44,56,3835,1045,2790,62,18,44,99.79018044,NoArchChanged
0,0,0,830,830,0,0,0,0,0,0,0,0,0,0,0,0,0,0,0,100.0,NoArchChanged
8432,8432,0,1602183,1602183,0,517,0,0,0,0,10147,10147,0,453604,453604,0,5341,5341,0,100.0,NoArchChanged
0,0,0,3571,3571,0,0,0,0,0,0,0,0,0,0,0,0,0,0,0,100.0,NoArchChanged
0,0,0,3665,3665,0,0,0,0,0,0,0,0,0,0,0,0,0,0,0,100.0,NoArchChanged
0,0,0,2842,2842,0,0,0,0,0,0,0,0,0,0,0,0,0,0,0,100.0,NoArchChanged
0,0,0,1150,1150,0,0,0,0,0,0,0,0,0,0,0,0,0,0,0,100.0,NoArchChanged
0,0,0,3615,3615,0,0,0,0,0,0,0,0,0,0,0,0,0,0,0,100.0,NoArchChanged
0,0,0,830,830,0,0,0,0,0,0,0,0,0,0,0,0,0,0,0,100.0,NoArchChanged
0,0,0,3199,3199,0,0,0,0,0,0,0,0,0,0,0,0,0,0,0,100.0,NoArchChanged
31,31,0,3612,3612,0,1,1,0,0,0,145,145,0,3759,3759,0,46,46,0,100.0,NoArchChanged
0,0,0,3619,3619,0,0,0,0,0,0,0,0,0,0,0,0,0,0,0,100.0,NoArchChanged
167,169,2,14432,14440,8,4,3,0,0,0,341,341,0,8468,8453,15,88,88,0,99.59935897,NoArchChanged
1086,1102,16,79442,79596,154,22,325,2,0,2,1899,1865,34,65000,63128,1872,904,877,27,99.79991997,NoArchChanged
0,0,0,3232,3232,0,0,0,0,0,0,0,0,0,0,0,0,0,0,0,100.0,NoArchChanged
0,0,0,3621,3621,0,0,0,0,0,0,0,0,0,0,0,0,0,0,0,100.0,NoArchChanged
0,0,0,3236,3236,0,0,0,0,0,0,0,0,0,0,0,0,0,0,0,100.0,NoArchChanged
20,20,0,1822,1822,0,2,38,0,0,0,131,127,4,4150,3859,291,39,38,1,100.0,NoArchChanged
0,0,0,3101,3101,0,0,0,0,0,0,0,0,0,0,0,0,0,0,0,100.0,NoArchChanged
43,39,4,15445,15425,20,5,25,0,0,0,43,39,4,2431,2294,137,30,28,2,99.58609272,NoArchChanged
8,8,0,3235,3235,0,1,0,0,0,0,9,9,0,1037,1038,1,9,9,0,100.0,NoArchChanged
0,0,0,3188,3188,0,0,0,0,0,0,0,0,0,0,0,0,0,0,0,100.0,NoArchChanged
748,750,2,60060,60080,20,20,299,0,0,0,1271,1308,37,40701,42624,1923,589,603,14,99.91394148,NoArchChanged
0,0,0,2842,2842,0,0,0,0,0,0,0,0,0,0,0,0,0,0,0,100.0,NoArchChanged
1059,1043,16,68742,68609,133,19,325,0,2,2,1813,1847,34,61267,63139,1872,845,872,27,99.79991997,NoArchChanged
0,0,0,3621,3621,0,0,0,0,0,0,0,0,0,0,0,0,0,0,0,100.0,NoArchChanged
80,89,9,11980,12004,24,4,111,1,0,1,149,141,8,5495,4980,515,98,90,8,99.83029275,NoArchChanged
0,0,0,1839,1839,0,0,0,0,0,0,0,0,0,0,0,0,0,0,0,100.0,NoArchChanged
0,0,0,3621,3621,0,0,0,0,0,0,0,0,0,0,0,0,0,0,0,100.0,NoArchChanged
148,184,36,56844,57366,522,18,1637,3,0,3,675,486,189,27002,18095,8907,342,211,131,99.37718957,NoArchChanged
56,56,0,12828,12828,0,4,45,0,0,0,270,264,6,10472,10166,306,136,133,3,100.0,NoArchChanged
0,0,0,398,398,0,0,0,0,0,0,0,0,0,0,0,0,0,0,0,100.0,NoArchChanged
0,0,0,2865,2865,0,0,0,0,0,0,0,0,0,0,0,0,0,0,0,100.0,NoArchChanged
317,317,0,5990,5990,0,2,20,0,0,0,471,470,1,16782,16581,201,218,217,1,100.0,NoArchChanged
99,99,0,12828,12828,0,4,0,0,0,0,201,201,0,8682,8723,41,108,108,0,100.0,NoArchChanged
0,0,0,3613,3613,0,0,0,0,0,0,0,0,0,0,0,0,0,0,0,100.0,NoArchChanged
0,0,0,3003,3003,0,0,0,0,0,0,0,0,0,0,0,0,0,0,0,100.0,NoArchChanged
0,0,0,830,830,0,0,0,0,0,0,0,0,0,0,0,0,0,0,0,100.0,NoArchChanged
0,0,0,830,830,0,0,0,0,0,0,0,0,0,0,0,0,0,0,0,100.0,NoArchChanged
0,0,0,3048,3048,0,0,0,0,0,0,0,0,0,0,0,0,0,0,0,100.0,NoArchChanged
518,600,82,113220,114700,1480,37,1817,10,0,10,1500,1377,123,62743,52328,10415,644,579,65,98.55252275,NoArchChanged
0,0,0,3588,3588,0,0,0,0,0,0,0,0,0,0,0,0,0,0,0,100.0,NoArchChanged
0,0,0,3613,3613,0,0,0,0,0,0,0,0,0,0,0,0,0,0,0,100.0,NoArchChanged
0,0,0,2995,2995,0,0,0,0,0,0,0,0,0,0,0,0,0,0,0,100.0,NoArchChanged
0,0,0,3207,3207,0,0,0,0,0,0,0,0,0,0,0,0,0,0,0,100.0,NoArchChanged
0,0,0,3611,3611,0,0,0,0,0,0,0,0,0,0,0,0,0,0,0,100.0,NoArchChanged
0,0,0,3607,3607,0,0,0,0,0,0,0,0,0,0,0,0,0,0,0,100.0,NoArchChanged
0,0,0,2995,2995,0,0,0,0,0,0,0,0,0,0,0,0,0,0,0,100.0,NoArchChanged
0,0,0,1884,1884,0,0,0,0,0,0,0,0,0,0,0,0,0,0,0,100.0,NoArchChanged
0,0,0,2995,2995,0,0,0,0,0,0,0,0,0,0,0,0,0,0,0,100.0,NoArchChanged
65,65,0,7214,7214,0,2,18,0,0,0,37,35,2,1163,1074,89,23,22,1,100.0,NoArchChanged
9983,9983,0,2267708,2267708,0,628,0,0,0,0,11574,11574,0,533012,533012,0,6219,6219,0,100.0,NoArchChanged
0,0,0,2864,2864,0,0,0,0,0,0,0,0,0,0,0,0,0,0,0,100.0,NoArchChanged
0,0,0,2995,2995,0,0,0,0,0,0,0,0,0,0,0,0,0,0,0,100.0,NoArchChanged
196,196,0,24384,24384,0,8,50,0,0,0,408,402,6,12686,12488,198,150,150,0,100.0,NoArchChanged
0,0,0,3580,3580,0,0,0,0,0,0,0,0,0,0,0,0,0,0,0,100.0,NoArchChanged
146,146,0,3235,3235,0,1,0,0,0,0,319,319,0,7246,7258,12,97,97,0,100.0,NoArchChanged
0,0,0,3621,3621,0,0,0,0,0,0,0,0,0,0,0,0,0,0,0,100.0,NoArchChanged
0,0,0,3609,3609,0,0,0,0,0,0,0,0,0,0,0,0,0,0,0,100.0,NoArchChanged
0,66,66,27765,28224,459,9,1149,9,0,9,121,0,121,5766,0,5766,72,0,72,98.95913647,NoArchChanged
112,112,0,3587,3587,0,1,0,0,0,0,55,55,0,1537,1539,2,26,26,0,100.0,NoArchChanged
0,0,0,3003,3003,0,0,0,0,0,0,0,0,0,0,0,0,0,0,0,100.0,NoArchChanged
0,0,0,3619,3619,0,0,0,0,0,0,0,0,0,0,0,0,0,0,0,100.0,NoArchChanged
0,0,0,3610,3610,0,0,0,0,0,0,0,0,0,0,0,0,0,0,0,100.0,NoArchChanged
0,0,0,2864,2864,0,0,0,0,0,0,0,0,0,0,0,0,0,0,0,100.0,NoArchChanged
115,115,0,11976,11976,0,4,16,0,0,0,378,375,3,13181,13074,107,172,172,0,100.0,NoArchChanged
4,4,0,397,397,0,1,11,0,0,0,72,66,6,1882,1820,62,16,15,1,100.0,NoArchChanged
0,0,0,2864,2864,0,0,0,0,0,0,0,0,0,0,0,0,0,0,0,100.0,NoArchChanged
0,0,0,830,830,0,0,0,0,0,0,0,0,0,0,0,0,0,0,0,100.0,NoArchChanged
27,27,0,4420,4420,0,4,73,0,0,0,35,35,0,2294,2294,0,25,25,0,100.0,NoArchChanged
22,22,0,3209,3209,0,1,58,0,0,0,312,290,22,10519,9998,521,181,181,0,100.0,NoArchChanged
0,0,0,3236,3236,0,0,0,0,0,0,0,0,0,0,0,0,0,0,0,100.0,NoArchChanged
479,479,0,14444,14444,0,4,31,0,0,0,906,906,0,25732,25477,255,378,378,0,100.0,NoArchChanged
27,27,0,7140,7140,0,2,7,0,0,0,3,3,0,1056,1056,0,3,3,0,100.0,NoArchChanged
58,59,1,3204,3205,1,1,21,0,0,0,30,27,3,793,671,122,19,18,1,100.0,NoArchChanged
1174,1192,18,97497,97740,243,27,395,2,0,2,2143,2102,41,73813,71455,2358,1016,983,33,99.84553599,NoArchChanged
91,97,6,5500,5525,25,5,44,0,0,0,412,404,8,11995,11637,358,155,152,3,99.76544175,NoArchChanged
17,24,7,6160,6168,8,2,73,0,0,0,42,31,11,2657,2244,413,40,29,11,99.92125984,NoArchChanged
0,0,0,3613,3613,0,0,0,0,0,0,0,0,0,0,0,0,0,0,0,100.0,NoArchChanged
0,0,0,2995,2995,0,0,0,0,0,0,0,0,0,0,0,0,0,0,0,100.0,NoArchChanged
0,0,0,3615,3615,0,0,0,0,0,0,0,0,0,0,0,0,0,0,0,100.0,NoArchChanged
465,459,6,88725,88650,75,25,1,0,0,0,1296,1298,2,45360,45216,144,698,698,0,100.0,NoArchChanged
44,44,0,14304,14304,0,4,0,0,0,0,123,123,0,11784,11776,8,72,72,0,100.0,NoArchChanged
0,0,0,3609,3609,0,0,0,0,0,0,0,0,0,0,0,0,0,0,0,100.0,NoArchChanged
0,0,0,2995,2995,0,0,0,0,0,0,0,0,0,0,0,0,0,0,0,100.0,NoArchChanged
0,0,0,3048,3048,0,0,0,0,0,0,0,0,0,0,0,0,0,0,0,100.0,NoArchChanged
404,406,2,10890,10893,3,3,158,0,0,0,560,535,25,14731,13059,1672,237,222,15,100.0,NoArchChanged
0,0,0,3003,3003,0,0,0,0,0,0,0,0,0,0,0,0,0,0,0,100.0,NoArchChanged
0,0,0,2865,2865,0,0,0,0,0,0,0,0,0,0,0,0,0,0,0,100.0,NoArchChanged
135,137,2,5476,5478,2,2,25,0,0,0,337,337,0,10323,10177,146,117,116,1,100.0,NoArchChanged
0,0,0,3610,3610,0,0,0,0,0,0,0,0,0,0,0,0,0,0,0,100.0,NoArchChanged
0,0,0,2865,2865,0,0,0,0,0,0,0,0,0,0,0,0,0,0,0,100.0,NoArchChanged
0,0,0,1839,1839,0,0,0,0,0,0,0,0,0,0,0,0,0,0,0,100.0,NoArchChanged
0,0,0,2864,2864,0,0,0,0,0,0,0,0,0,0,0,0,0,0,0,100.0,NoArchChanged
0,0,0,3613,3613,0,0,0,0,0,0,0,0,0,0,0,0,0,0,0,100.0,NoArchChanged
32,32,0,9141,9141,0,3,2,0,0,0,107,107,0,3033,3053,20,26,26,0,100.0,NoArchChanged
1143,1161,18,90275,90500,225,25,395,2,0,2,2120,2079,41,72521,70167,2354,1005,972,33,99.79991997,NoArchChanged
0,0,0,3648,3648,0,0,0,0,0,0,0,0,0,0,0,0,0,0,0,100.0,NoArchChanged
0,0,0,3188,3188,0,0,0,0,0,0,0,0,0,0,0,0,0,0,0,100.0,NoArchChanged
42,42,0,5040,5040,0,2,4,0,0,0,116,116,0,3740,3740,0,74,74,0,100.0,NoArchChanged
0,27,27,7110,7140,30,2,184,2,0,2,3,0,3,1056,0,1056,3,0,3,98.80463205,NoArchChanged
0,0,0,3236,3236,0,0,0,0,0,0,0,0,0,0,0,0,0,0,0,100.0,NoArchChanged
0,0,0,3613,3613,0,0,0,0,0,0,0,0,0,0,0,0,0,0,0,100.0,NoArchChanged
0,0,0,767,767,0,0,0,0,0,0,0,0,0,0,0,0,0,0,0,100.0,NoArchChanged
0,0,0,3608,3608,0,0,0,0,0,0,0,0,0,0,0,0,0,0,0,100.0,NoArchChanged
0,0,0,2995,2995,0,0,0,0,0,0,0,0,0,0,0,0,0,0,0,100.0,NoArchChanged
150,164,14,21582,21654,72,9,2,0,0,0,68,71,3,3823,3999,176,34,30,4,99.76076555,NoArchChanged
0,0,0,3003,3003,0,0,0,0,0,0,0,0,0,0,0,0,0,0,0,100.0,NoArchChanged
0,0,0,3640,3640,0,0,0,0,0,0,0,0,0,0,0,0,0,0,0,100.0,NoArchChanged
0,0,0,3152,3152,0,0,0,0,0,0,0,0,0,0,0,0,0,0,0,100.0,NoArchChanged
6,19,13,7096,7110,14,2,57,0,0,0,32,23,9,1325,927,398,14,13,1,99.92383854,NoArchChanged
0,0,0,2865,2865,0,0,0,0,0,0,0,0,0,0,0,0,0,0,0,100.0,NoArchChanged
57,69,12,33484,33517,33,11,274,2,2,4,181,149,32,6911,5321,1590,67,41,26,99.59935897,NoArchChanged
118,118,0,3245,3245,0,1,15,0,0,0,69,69,0,1551,1583,32,33,33,0,100.0,NoArchChanged
0,0,0,2923,2923,0,0,0,0,0,0,0,0,0,0,0,0,0,0,0,100.0,NoArchChanged
180,181,1,9618,9621,3,3,16,0,0,0,490,488,2,16866,16756,110,185,183,2,100.0,NoArchChanged
0,0,0,2842,2842,0,0,0,0,0,0,0,0,0,0,0,0,0,0,0,100.0,NoArchChanged
33,44,11,1276,1308,32,4,51,0,0,0,106,95,11,3294,2991,303,30,26,4,93.77682403,ArchChanged
160,257,97,7848,8856,1008,24,378,10,4,14,793,733,60,23546,23257,289,310,278,32,93.46642468,ArchChanged
803,787,16,22509,21960,549,61,66,0,0,0,1517,1517,0,44391,44397,6,660,660,0,92.90187891,ArchChanged
98,103,5,5400,5445,45,15,24,1,3,4,334,336,2,15831,15966,135,132,135,3,97.59358289,ArchChanged
148,208,60,4356,4764,408,12,641,6,0,6,138,82,56,7688,5144,2544,85,47,38,96.40102828,ArchChanged
34,49,15,2382,2448,66,6,229,3,0,3,111,90,21,3720,2604,1116,66,49,17,93.99538106,ArchChanged
0,12,12,840,862,22,2,350,2,0,2,74,0,74,2409,0,2409,23,0,23,96.7462039,ArchChanged
1117,787,330,43844,30943,12901,97,2508,7,26,33,1873,2176,303,62115,73068,10953,793,952,159,79.76470588,ArchChanged
171,201,30,5424,5604,180,12,221,4,0,4,142,128,14,6692,5884,808,81,70,11,94.9339207,ArchChanged
389,421,32,11675,12125,450,25,222,2,0,2,731,683,48,24858,23713,1145,338,318,20,94.9044586,ArchChanged
15,12,3,1488,1476,12,3,29,1,1,2,25,28,3,1254,1443,189,17,15,2,96.57794677,ArchChanged
18,20,2,1476,1479,3,3,39,1,0,1,62,59,3,2451,2305,146,34,34,0,77.59433962,ArchChanged
10,14,4,1479,1488,9,3,41,1,0,1,24,22,2,1051,976,75,15,13,2,76.04938272,ArchChanged
673,841,168,25792,43108,17316,52,831,1,12,13,1245,1350,105,40639,44298,3659,568,628,60,91.09730849,ArchChanged
0,85,85,9958,10777,819,13,1089,13,0,13,104,0,104,5198,0,5198,64,0,64,95.67147614,ArchChanged
164,75,89,14093,13022,1071,17,1134,0,13,13,163,268,105,5441,10764,5323,74,139,65,95.67147614,ArchChanged
113,207,94,15320,16600,1280,20,1165,13,0,13,448,338,110,14747,9231,5516,196,129,67,95.33851276,ArchChanged
582,481,101,34986,32172,2814,42,1384,0,13,13,858,1031,173,30068,36707,6639,364,454,90,95.33851276,ArchChanged
481,582,101,32172,34986,2814,42,1384,13,0,13,1031,858,173,36707,30068,6639,454,364,90,95.33851276,ArchChanged
582,481,101,34986,32172,2814,42,1384,0,13,13,858,1031,173,30068,36707,6639,364,454,90,95.33851276,ArchChanged
481,582,101,32172,34986,2814,42,1384,13,0,13,1031,858,173,36707,30068,6639,454,364,90,95.33851276,ArchChanged
582,481,101,34986,32172,2814,42,1384,0,13,13,858,1031,173,30068,36707,6639,364,454,90,95.33851276,ArchChanged
427,526,99,29874,32487,2613,39,1352,13,0,13,915,743,172,33021,26466,6555,408,319,89,95.33851276,ArchChanged
503,406,97,31654,29108,2546,38,1355,0,13,13,695,867,172,24627,31203,6576,290,379,89,95.33851276,ArchChanged
406,503,97,29108,31654,2546,38,1355,13,0,13,867,695,172,31203,24627,6576,379,290,89,95.33851276,ArchChanged
472,375,97,29988,27576,2412,36,1340,0,13,13,518,688,170,18044,24538,6494,219,307,88,95.33851276,ArchChanged
375,472,97,27576,29988,2412,36,1340,13,0,13,688,518,170,24538,18044,6494,307,219,88,95.33851276,ArchChanged
472,375,97,29988,27576,2412,36,1340,0,13,13,518,688,170,18044,24538,6494,219,307,88,95.33851276,ArchChanged
375,472,97,27576,29988,2412,36,1340,13,0,13,688,518,170,24538,18044,6494,307,219,88,95.33851276,ArchChanged
472,375,97,29988,27576,2412,36,1340,0,13,13,518,688,170,18044,24538,6494,219,307,88,95.33851276,ArchChanged
375,472,97,27576,29988,2412,36,1340,13,0,13,688,518,170,24538,18044,6494,307,219,88,95.33851276,ArchChanged
472,375,97,29988,27576,2412,36,1340,0,13,13,518,688,170,18044,24538,6494,219,307,88,95.33851276,ArchChanged
375,472,97,27576,29988,2412,36,1340,13,0,13,688,518,170,24538,18044,6494,307,219,88,95.33851276,ArchChanged
472,375,97,29988,27576,2412,36,1340,0,13,13,518,688,170,18044,24538,6494,219,307,88,95.33851276,ArchChanged
375,472,97,27576,29988,2412,36,1340,13,0,13,688,518,170,24538,18044,6494,307,219,88,95.33851276,ArchChanged
472,375,97,29988,27576,2412,36,1340,0,13,13,518,688,170,18044,24538,6494,219,307,88,95.33851276,ArchChanged
375,472,97,27576,29988,2412,36,1340,13,0,13,688,518,170,24538,18044,6494,307,219,88,95.33851276,ArchChanged
472,375,97,29988,27576,2412,36,1340,0,13,13,518,688,170,18044,24538,6494,219,307,88,95.33851276,ArchChanged
2043,4104,2061,121028,244426,123398,158,24136,158,0,158,3246,0,3246,118102,0,118102,1575,0,1575,58.81826321,ArchChanged
4104,2043,2061,244426,121028,123398,158,24136,0,158,158,0,3246,3246,0,118102,118102,0,1575,1575,58.81826321,ArchChanged
375,472,97,27576,29988,2412,36,1340,13,0,13,688,518,170,24538,18044,6494,307,219,88,95.33851276,ArchChanged
472,375,97,29988,27576,2412,36,1340,0,13,13,518,688,170,18044,24538,6494,219,307,88,95.33851276,ArchChanged
375,472,97,27576,29988,2412,36,1340,13,0,13,688,518,170,24538,18044,6494,307,219,88,95.33851276,ArchChanged
204,323,119,24157,26361,2204,29,1566,15,0,15,624,437,187,21704,14058,7646,285,184,101,88.83034773,ArchChanged
18,20,2,2727,2733,6,3,140,1,0,1,30,16,14,1902,1120,782,20,8,12,97.97979798,ArchChanged
35,52,17,3644,3696,52,4,237,2,0,2,32,14,18,1909,760,1149,14,7,7,88.58921162,ArchChanged
0,25,25,3700,3756,56,4,635,4,0,4,59,0,59,3086,0,3086,43,0,43,96.8238691,ArchChanged
175,285,110,27231,28478,1247,29,761,9,1,10,393,286,107,17862,13173,4689,260,168,92,89.93288591,ArchChanged
30,41,11,4910,4945,35,5,385,2,0,2,59,31,28,4187,2005,2182,36,23,13,97.23991507,ArchChanged
94,193,99,13902,14854,952,14,2354,13,0,13,217,33,184,13504,1432,12072,82,9,73,94.59459459,ArchChanged
585,566,19,28647,28377,270,27,40,1,0,1,1098,1089,9,37059,36977,82,486,482,4,93.90774587,ArchChanged
13,50,37,5510,5630,120,5,727,4,0,4,128,13,115,4457,474,3983,67,7,60,93.75481881,ArchChanged
81,130,49,10134,10314,180,9,499,5,0,5,99,59,40,4935,2186,2749,68,40,28,86.89355539,ArchChanged
58,482,424,69256,80872,11616,44,6208,44,0,44,402,0,402,26712,0,26712,268,0,268,88.84172226,ArchChanged
12,24,12,3796,3808,12,2,63,1,0,1,120,114,6,3646,3388,258,46,41,5,96.83985003,ArchChanged
21,24,3,4814,4818,4,2,59,0,0,0,25,15,10,914,540,374,18,12,6,91.95979899,ArchChanged
317,366,49,36690,37155,465,15,1547,7,0,7,947,677,270,30730,22398,8332,487,327,160,93.91377853,ArchChanged
117,120,3,7518,7521,3,3,17,0,0,0,321,319,2,9398,9265,133,107,105,2,96.10058309,ArchChanged
465,503,38,42942,43316,374,17,626,7,0,7,964,906,58,28140,25490,2650,439,409,30,93.25337331,ArchChanged
622,681,59,58604,59041,437,23,271,0,0,0,775,743,32,25325,23846,1479,295,274,21,93.15181518,ArchChanged
202,241,39,35789,36114,325,13,384,2,0,2,536,475,61,16144,13678,2466,256,210,46,88.9827856,ArchChanged
30,38,8,5556,5564,8,2,103,1,0,1,42,25,17,1464,981,483,20,16,4,95.59112609,ArchChanged
68,102,34,30602,30822,220,11,420,1,0,1,147,110,37,7730,5501,2229,67,62,5,88.8580354,ArchChanged
17,18,1,2806,2807,1,1,17,0,0,0,19,20,1,927,815,112,14,15,1,90.53414469,ArchChanged
292,82,210,64584,61916,2668,23,4138,0,23,23,0,382,382,0,20842,20842,0,168,168,95.34487653,ArchChanged
103,140,37,10804,10892,88,4,502,2,0,2,137,74,63,5355,2302,3053,63,38,25,96.49565461,ArchChanged
13,15,2,5468,5470,2,2,94,1,0,1,80,72,8,2908,2586,322,35,33,2,96.64516129,ArchChanged
14,18,4,5478,5482,4,2,148,1,0,1,17,6,11,1054,225,829,16,6,10,86.85208597,ArchChanged
668,817,149,35893,36842,949,13,2158,7,0,7,1425,1144,281,40725,27497,13228,545,407,138,89.13443831,ArchChanged
43,42,1,5728,5726,2,2,33,1,0,1,69,69,0,1650,1591,59,33,33,0,90.995671,ArchChanged
424,444,20,43830,43995,165,15,423,0,0,0,876,828,48,27124,24982,2142,379,360,19,90.66455696,ArchChanged
106,125,19,17874,17964,90,6,195,1,0,1,412,399,13,16045,14939,1106,254,241,13,89.30369128,ArchChanged
19,34,15,8592,8637,45,3,343,2,0,2,151,88,63,5078,2757,2321,71,61,10,94.83585393,ArchChanged
34,19,15,8637,8592,45,3,343,0,2,2,88,151,63,2757,5078,2321,61,71,10,94.83585393,ArchChanged
509,526,17,42960,43185,225,15,448,2,0,2,739,675,64,22543,20204,2339,343,332,11,94.83585393,ArchChanged
180,164,16,14395,14320,75,5,331,0,2,2,440,502,62,13696,15923,2227,185,193,8,94.83585393,ArchChanged
43,42,1,5728,5726,2,2,33,1,0,1,69,69,0,1650,1591,59,33,33,0,90.995671,ArchChanged
42,43,1,5726,5728,2,2,33,0,1,1,69,69,0,1591,1650,59,33,33,0,90.995671,ArchChanged
43,42,1,5728,5726,2,2,33,1,0,1,69,69,0,1650,1591,59,33,33,0,90.995671,ArchChanged
20,35,15,8601,8646,45,3,334,2,0,2,152,92,60,5146,2872,2274,72,62,10,91.04606113,ArchChanged
15,0,15,5764,5734,30,2,331,0,2,2,0,60,60,0,2303,2303,0,10,10,91.04606113,ArchChanged
64,69,5,5734,5740,6,2,37,1,0,1,220,218,2,6482,6245,237,51,50,1,91.01123596,ArchChanged
67,66,1,2870,2869,1,1,2,0,0,0,218,218,0,6255,6277,22,50,50,0,91.10535406,ArchChanged
171,181,10,20090,20174,84,7,125,2,1,3,547,507,40,15973,14754,1219,161,162,1,90.79569892,ArchChanged
530,520,10,28820,28720,100,10,116,1,2,3,1074,1111,37,28121,29125,1004,410,407,3,90.79569892,ArchChanged
25,27,2,5744,5746,2,2,18,0,0,0,123,120,3,3768,3646,122,47,46,1,87.11683696,ArchChanged
217,276,59,25857,26298,441,9,1543,3,0,3,578,328,250,17930,9332,8598,271,128,143,87.87268332,ArchChanged
5593,5473,120,955494,936201,19293,327,1938,1,6,7,9888,10181,293,383303,393957,10654,5011,5174,163,87.89110118,ArchChanged
64,69,5,5734,5740,6,2,37,1,0,1,220,218,2,6482,6245,237,51,50,1,91.01123596,ArchChanged
67,66,1,2870,2869,1,1,2,0,0,0,218,218,0,6255,6277,22,50,50,0,91.10535406,ArchChanged
25,27,2,5744,5746,2,2,18,0,0,0,123,120,3,3768,3646,122,47,46,1,87.11683696,ArchChanged
217,276,59,25857,26298,441,9,1543,3,0,3,578,328,250,17930,9332,8598,271,128,143,87.87268332,ArchChanged
424,444,20,43830,43995,165,15,423,0,0,0,876,828,48,27124,24982,2142,379,360,19,90.66455696,ArchChanged
444,424,20,43995,43830,165,15,423,0,0,0,828,876,48,24982,27124,2142,360,379,19,90.66455696,ArchChanged
424,444,20,43830,43995,165,15,423,0,0,0,876,828,48,27124,24982,2142,379,360,19,90.66455696,ArchChanged
5716,5583,133,970823,953942,16881,331,1889,3,5,8,10064,10328,264,388925,398755,9830,5076,5242,166,86.44351464,ArchChanged
5583,5716,133,953942,970823,16881,331,1889,5,3,8,10328,10064,264,398755,388925,9830,5242,5076,166,86.44351464,ArchChanged
106,125,19,17862,17952,90,6,195,1,0,1,412,399,13,16045,14939,1106,254,241,13,89.30369128,ArchChanged
407,272,135,62874,61635,1239,21,1446,0,13,13,769,856,87,23477,28975,5498,351,419,68,88.33757422,ArchChanged
136,266,130,58700,59880,1180,20,1446,13,0,13,541,454,87,21853,16357,5496,323,255,68,88.33757422,ArchChanged
1120,946,174,117078,114465,2613,39,2028,0,15,15,2113,2242,129,77585,86960,9375,981,1074,93,87.4839812,ArchChanged
106,125,19,17874,17964,90,6,195,1,0,1,412,399,13,16045,14939,1106,254,241,13,89.30369128,ArchChanged
490,524,34,54018,54468,450,18,613,6,0,6,733,637,96,22248,19220,3028,321,305,16,97.37171464,ArchChanged
524,490,34,54468,54018,450,18,613,0,6,6,637,733,96,19220,22248,3028,305,321,16,97.37171464,ArchChanged
752,782,30,78104,78676,572,26,1013,5,0,5,1424,1272,152,46540,40841,5699,623,590,33,97.29053772,ArchChanged
29,2,27,18156,18018,138,6,714,0,5,5,1,116,115,140,3916,3776,1,20,19,97.37390579,ArchChanged
752,815,63,90120,91320,1200,30,1360,9,0,9,1458,1272,186,48129,40841,7288,645,590,55,96.89054726,ArchChanged
815,752,63,91320,90120,1200,30,1343,0,9,9,1272,1458,186,40841,48129,7288,590,645,55,96.89054726,ArchChanged
0,57,57,27027,27396,369,9,1049,9,0,9,149,0,149,5321,0,5321,41,0,41,96.973466,ArchChanged
512,483,29,139455,138420,1035,45,173,0,0,0,1600,1600,0,71633,73162,1529,805,805,0,90.36850921,ArchChanged
533,487,46,56448,55800,648,18,901,1,9,10,1148,1246,98,42546,46360,3814,608,669,61,90.46372476,ArchChanged
89,103,14,18906,18948,42,6,184,2,0,2,81,64,17,4634,3810,824,46,35,11,95.40186916,ArchChanged
905,926,21,51344,51520,176,16,130,1,0,1,1947,1932,15,52383,51624,759,706,692,14,95.06454062,ArchChanged
1103,1067,36,312340,310497,1843,97,340,0,1,1,2399,2409,10,166047,168505,2458,1507,1509,2,95.49005682,ArchChanged
9,5,4,9606,9594,12,3,32,1,2,3,5,6,1,398,525,127,3,2,1,90.27088897,ArchChanged
165,178,13,25584,25632,48,8,84,3,0,3,319,316,3,9377,9221,156,164,161,3,90.29618083,ArchChanged
217,172,45,44814,44604,210,14,225,0,2,2,311,361,50,19471,20964,1493,180,189,9,93.59831164,ArchChanged
571,594,23,73922,74244,322,23,674,7,0,7,1248,1165,83,38499,35155,3344,516,472,44,92.57142857,ArchChanged
218,215,3,87345,87291,54,27,53,0,0,0,396,393,3,21133,20546,587,227,226,1,97.37817797,ArchChanged
55,523,468,133127,144648,11521,41,5112,40,0,40,762,332,430,38876,11124,27752,449,191,258,89.33823529,ArchChanged
181,186,5,46098,46098,0,13,20,2,2,4,769,767,2,30824,30819,5,430,429,1,92.23268325,ArchChanged
443,441,2,78760,78804,44,22,17,0,0,0,642,648,6,32584,32754,170,309,311,2,95.83492549,ArchChanged
502,502,0,144800,144800,0,40,0,0,0,0,430,430,0,27934,27750,184,258,258,0,90.76976663,ArchChanged
1663,1645,18,235300,234715,585,65,395,0,2,2,2509,2550,41,97917,100455,2538,1230,1263,33,90.65550907,ArchChanged
502,502,0,144440,144440,0,40,0,0,0,0,430,430,0,27934,27750,184,258,258,0,90.7504363,ArchChanged
207,149,58,76020,75096,924,21,1644,0,4,4,579,774,195,23578,33003,9425,267,401,134,95.00335345,ArchChanged
1239,1333,94,164496,166106,1610,46,1249,4,2,6,2550,2396,154,92726,85659,7067,1257,1156,101,94.86404834,ArchChanged
1333,1239,94,166106,164496,1610,46,1249,2,4,6,2396,2550,154,85659,92726,7067,1156,1257,101,94.86404834,ArchChanged
1249,1343,94,168072,169717,1645,47,1249,4,2,6,2566,2412,154,93428,86363,7065,1265,1164,101,94.86404834,ArchChanged
1343,1249,94,169717,168072,1645,47,1249,2,4,6,2412,2566,154,86363,93428,7065,1164,1265,101,94.86404834,ArchChanged
1249,1343,94,168072,169717,1645,47,1249,4,2,6,2566,2412,154,93428,86363,7065,1265,1164,101,94.86404834,ArchChanged
1353,1259,94,173328,171648,1680,48,1249,2,4,6,2414,2568,154,86724,93789,7065,1165,1266,101,94.86404834,ArchChanged
1249,1343,94,168072,169717,1645,47,1249,4,2,6,2566,2412,154,93428,86363,7065,1265,1164,101,94.86404834,ArchChanged
1343,1249,94,169717,168072,1645,47,1249,2,4,6,2412,2566,154,86363,93428,7065,1164,1265,101,94.86404834,ArchChanged
1249,1343,94,168072,169717,1645,47,1249,4,2,6,2566,2412,154,93428,86363,7065,1265,1164,101,94.86404834,ArchChanged
1343,1249,94,169717,168072,1645,47,1249,2,4,6,2412,2566,154,86363,93428,7065,1164,1265,101,94.86404834,ArchChanged
1321,1415,94,182376,184161,1785,51,1249,4,2,6,2963,2809,154,113134,106077,7057,1612,1511,101,94.86404834,ArchChanged
1415,1321,94,184161,182376,1785,51,1249,2,4,6,2809,2963,154,106077,113134,7057,1511,1612,101,94.86404834,ArchChanged
1321,1415,94,182376,184161,1785,51,1249,4,2,6,2963,2809,154,113134,106077,7057,1612,1511,101,94.86404834,ArchChanged
1415,1321,94,184161,182376,1785,51,1249,2,4,6,2809,2963,154,106077,113134,7057,1511,1612,101,94.86404834,ArchChanged
1337,1431,94,189528,191383,1855,53,1242,4,2,6,2994,2840,154,115863,108864,6999,1634,1533,101,94.86404834,ArchChanged
1396,1302,94,187772,185952,1820,52,1242,2,4,6,2534,2688,154,99805,106804,6999,1251,1352,101,94.86404834,ArchChanged
1302,1396,94,185952,187772,1820,52,1242,4,2,6,2688,2534,154,106804,99805,6999,1352,1251,101,94.86404834,ArchChanged
1405,1311,94,191383,189528,1855,53,1242,2,4,6,2543,2697,154,100094,107093,6999,1254,1355,101,94.86404834,ArchChanged
33,35,2,7152,7156,4,2,51,1,0,1,256,253,3,5861,5670,191,82,81,1,89.35946797,ArchChanged
1501,1595,94,228992,231104,2112,64,1197,4,3,7,3467,3301,166,130780,123912,6868,1904,1803,101,93.02699229,ArchChanged
1595,1501,94,231104,228992,2112,64,1197,3,4,7,3301,3467,166,123912,130780,6868,1803,1904,101,93.02699229,ArchChanged
1501,1595,94,228992,231104,2112,64,1197,4,3,7,3467,3301,166,130780,123912,6868,1904,1803,101,93.02699229,ArchChanged
1595,1501,94,231104,228992,2112,64,1197,3,4,7,3301,3467,166,123912,130780,6868,1803,1904,101,93.02699229,ArchChanged
1501,1595,94,228992,231104,2112,64,1197,4,3,7,3467,3301,166,130780,123912,6868,1904,1803,101,93.02699229,ArchChanged
1595,1501,94,231104,228992,2112,64,1177,3,4,7,3302,3467,165,123978,130780,6802,1804,1904,100,93.02699229,ArchChanged
1501,1595,94,228992,231104,2112,64,1196,4,3,7,3468,3302,166,130839,123978,6861,1905,1804,101,93.02699229,ArchChanged
1595,1501,94,231104,228992,2112,64,1196,3,4,7,3302,3468,166,123978,130839,6861,1804,1905,101,93.02699229,ArchChanged
1542,1636,94,228992,231104,2112,64,1199,4,3,7,3455,3289,166,129529,122624,6905,1892,1791,101,93.02699229,ArchChanged
1636,1542,94,231104,228992,2112,64,1199,3,4,7,3289,3455,166,122624,129529,6905,1791,1892,101,93.02699229,ArchChanged
1670,1764,94,236214,238392,2178,66,1201,4,3,7,3723,3557,166,136037,129103,6934,1960,1859,101,93.02699229,ArchChanged
1764,1670,94,238392,236214,2178,66,1201,3,4,7,3557,3723,166,129103,136037,6934,1859,1960,101,93.02699229,ArchChanged
1874,1967,93,297140,299796,2656,83,1207,4,3,7,4232,4070,162,163860,156924,6936,2239,2138,101,93.02699229,ArchChanged
2027,1922,105,303408,300720,2688,84,1166,3,4,7,4125,4285,160,158605,165226,6621,2154,2253,99,93.02699229,ArchChanged
1874,1967,93,297140,299796,2656,83,1207,4,3,7,4234,4072,162,164171,157235,6936,2241,2140,101,93.02699229,ArchChanged
34,36,2,7224,7228,4,2,51,1,0,1,261,258,3,6045,5854,191,87,86,1,92.3828125,ArchChanged
2053,1992,61,285585,284874,711,79,497,4,4,8,4244,4257,13,157050,159695,2645,2093,2134,41,88.79047037,ArchChanged
1678,1774,96,266844,269434,2590,74,1292,4,2,6,3754,3582,172,147380,139933,7447,2001,1896,105,91.17647059,ArchChanged
1842,1746,96,276716,274056,2660,76,1292,2,4,6,3767,3936,169,146323,153758,7435,2002,2107,105,91.17647059,ArchChanged
1678,1774,96,266844,269434,2590,74,1292,4,2,6,3754,3582,172,147380,139933,7447,2001,1896,105,91.17647059,ArchChanged
1808,1713,95,280357,277662,2695,77,1318,2,5,7,3740,3913,173,144973,152428,7455,1961,2067,106,92.61067708,ArchChanged
1713,1808,95,277662,280357,2695,77,1318,5,2,7,3913,3740,173,152428,144973,7455,2067,1961,106,92.61067708,ArchChanged
1808,1713,95,280357,277662,2695,77,1318,2,5,7,3740,3913,173,144973,152428,7455,1961,2067,106,92.61067708,ArchChanged
1713,1808,95,277662,280357,2695,77,1318,5,2,7,3913,3740,173,152428,144973,7455,2067,1961,106,92.61067708,ArchChanged
1782,1686,96,273075,270450,2625,75,1293,2,4,6,3598,3770,172,140286,147732,7446,1899,2004,105,92.67100977,ArchChanged
1686,1782,96,270450,273075,2625,75,1293,4,2,6,3770,3598,172,147732,140286,7446,2004,1899,105,92.67100977,ArchChanged
1946,1849,97,276716,274056,2660,76,1293,2,4,6,3930,4102,172,147785,155230,7445,2002,2107,105,92.67100977,ArchChanged
1899,1996,97,284874,287639,2765,79,1284,4,2,6,4262,4090,172,165364,158010,7354,2189,2085,104,92.67100977,ArchChanged
1839,1742,97,273075,270450,2625,75,1283,2,4,6,3751,3923,172,148940,156279,7339,2010,2114,104,92.67100977,ArchChanged
1742,1839,97,270450,273075,2625,75,1283,4,2,6,3923,3751,172,156279,148940,7339,2114,2010,104,92.67100977,ArchChanged
1839,1742,97,273075,270450,2625,75,1283,2,4,6,3751,3923,172,148940,156279,7339,2010,2114,104,92.67100977,ArchChanged
95,83,12,43788,43668,120,12,153,1,1,2,227,237,10,10931,11787,856,126,137,11,93.0740038,ArchChanged
